2048
 22.000000   0.000000
 21.956588   1.381391
 21.826523   2.757331
 21.610320   4.122389
 21.308830   5.471178
 20.923243   6.798374
 20.455083   8.098740
 19.906195   9.367144
 19.278747  10.598581
 18.575214  11.788189
 17.798374  12.931276
 16.951291  14.023328
 16.037310  15.060036
 15.060036  16.037310
 14.023328  16.951291
 12.931276  17.798374
 11.788189  18.575214
 10.598581  19.278747
  9.367144  19.906195
  8.098740  20.455083
  6.798374  20.923243
  5.471178  21.308830
  4.122389  21.610320
  2.757331  21.826523
  1.381391  21.956588
  0.000000  22.000000
 -1.381391  21.956588
 -2.757331  21.826523
 -4.122389  21.610320
 -5.471178  21.308830
 -6.798374  20.923243
 -8.098740  20.455083
 -9.367144  19.906195
-10.598581  19.278747
-11.788189  18.575214
-12.931276  17.798374
-14.023328  16.951291
-15.060036  16.037310
-16.037310  15.060036
-16.951291  14.023328
-17.798374  12.931276
-18.575214  11.788189
-19.278747  10.598581
-19.906195   9.367144
-20.455083   8.098740
-20.923243   6.798374
-21.308830   5.471178
-21.610320   4.122389
-21.826523   2.757331
-21.956588   1.381391
-22.000000   0.000000
-21.956588  -1.381391
-21.826523  -2.757331
-21.610320  -4.122389
-21.308830  -5.471178
-20.923243  -6.798374
-20.455083  -8.098740
-19.906195  -9.367144
-19.278747 -10.598581
-18.575214 -11.788189
-17.798374 -12.931276
-16.951291 -14.023328
-16.037310 -15.060036
-15.060036 -16.037310
-14.023328 -16.951291
-12.931276 -17.798374
-11.788189 -18.575214
-10.598581 -19.278747
 -9.367144 -19.906195
 -8.098740 -20.455083
 -6.798374 -20.923243
 -5.471178 -21.308830
 -4.122389 -21.610320
 -2.757331 -21.826523
 -1.381391 -21.956588
 -0.000000 -22.000000
  1.381391 -21.956588
  2.757331 -21.826523
  4.122389 -21.610320
  5.471178 -21.308830
  6.798374 -20.923243
  8.098740 -20.455083
  9.367144 -19.906195
 10.598581 -19.278747
 11.788189 -18.575214
 12.931276 -17.798374
 14.023328 -16.951291
 15.060036 -16.037310
 16.037310 -15.060036
 16.951291 -14.023328
 17.798374 -12.931276
 18.575214 -11.788189
 19.278747 -10.598581
 19.906195  -9.367144
 20.455083  -8.098740
 20.923243  -6.798374
 21.308830  -5.471178
 21.610320  -4.122389
 21.826523  -2.757331
 21.956588  -1.381391
-22.000000   0.000000
  0.000000 -22.000000
-21.120000   0.000000
  0.000000 -21.120000
-20.240000   0.000000
  0.000000 -20.240000
-19.360000   0.000000
  0.000000 -19.360000
-18.480000   0.000000
  0.000000 -18.480000
-17.600000   0.000000
  0.000000 -17.600000
-16.720000   0.000000
  0.000000 -16.720000
-15.840000   0.000000
  0.000000 -15.840000
-14.960000   0.000000
  0.000000 -14.960000
-14.080000   0.000000
  0.000000 -14.080000
-13.200000   0.000000
  0.000000 -13.200000
-12.320000   0.000000
  0.000000 -12.320000
-11.440000   0.000000
  0.000000 -11.440000
-10.560000   0.000000
  0.000000 -10.560000
 -9.680000   0.000000
  0.000000  -9.680000
 -8.800000   0.000000
  0.000000  -8.800000
 -7.920000   0.000000
  0.000000  -7.920000
 -7.040000   0.000000
  0.000000  -7.040000
 -6.160000   0.000000
  0.000000  -6.160000
 -5.280000   0.000000
  0.000000  -5.280000
 -4.400000   0.000000
  0.000000  -4.400000
 -3.520000   0.000000
  0.000000  -3.520000
 -2.640000   0.000000
  0.000000  -2.640000
 -1.760000   0.000000
  0.000000  -1.760000
 -0.880000   0.000000
  0.000000  -0.880000
  0.000000   0.000000
  0.000000   0.000000
  0.880000   0.000000
  0.000000   0.880000
  1.760000   0.000000
  0.000000   1.760000
  2.640000   0.000000
  0.000000   2.640000
  3.520000   0.000000
  0.000000   3.520000
  4.400000   0.000000
  0.000000   4.400000
  5.280000   0.000000
  0.000000   5.280000
  6.160000   0.000000
  0.000000   6.160000
  7.040000   0.000000
  0.000000   7.040000
  7.920000   0.000000
  0.000000   7.920000
  8.800000   0.000000
  0.000000   8.800000
  9.680000   0.000000
  0.000000   9.680000
 10.560000   0.000000
  0.000000  10.560000
 11.440000   0.000000
  0.000000  11.440000
 12.320000   0.000000
  0.000000  12.320000
 13.200000   0.000000
  0.000000  13.200000
 14.080000   0.000000
  0.000000  14.080000
 14.960000   0.000000
  0.000000  14.960000
 15.840000   0.000000
  0.000000  15.840000
 16.720000   0.000000
  0.000000  16.720000
 17.600000   0.000000
  0.000000  17.600000
 18.480000   0.000000
  0.000000  18.480000
 19.360000   0.000000
  0.000000  19.360000
 20.240000   0.000000
  0.000000  20.240000
 21.120000   0.000000
  0.000000  21.120000
 13.911296  15.021571
-18.653653 -12.166568
 13.184025  13.344276
 -9.920186  -1.724633
 16.554030   8.103504
 -8.950491  12.810849
  0.203004   5.362228
-14.894635 -18.589698
 -5.050316   3.724126
-12.767686  14.671039
  3.440458  -5.949508
-13.324861  15.621880
  9.858861   7.478481
 -8.511253  -4.491999
-13.348867   2.861419
 18.410737  14.141603
  5.836244   7.036732
 -9.144290  -3.583515
-19.005927  11.100025
 10.595880 -19.447640
 16.296011   5.835914
  4.005221 -19.464836
 -9.805339  12.081389
 -7.703796  18.494168
  5.652516  -3.017251
 -4.891572  -5.991116
 -9.820851  -1.318759
  7.016968  12.842709
 -4.072759 -15.748441
  0.455943   6.429276
 13.594044  -4.980501
  5.834748   4.318384
 -7.980353 -15.519061
-17.272053  19.339094
  5.567552  14.315067
 -9.458582   8.359314
 15.538002  -7.967872
-13.862800  10.512786
 15.827607  12.095021
 11.973604   3.961319
  6.357001   7.157928
  8.762815   6.153863
 19.699776  -9.526720
 -3.224799  -4.424313
-18.401367   8.239531
  2.852880 -12.279360
  8.971375 -10.994418
  1.371550  11.281923
 16.098450   6.805992
  0.289668  13.678602
 13.489292  14.909193
-12.627020 -15.934919
-14.733412  -9.557387
 12.210417  10.411561
-12.550493   7.116610
 -6.508954 -16.263727
 -5.730778   9.670713
 -7.639423  11.408381
 -6.679841  -9.481854
 -8.155576  13.908070
 -1.166752  14.509177
  3.309555  17.594319
-16.979857  15.421272
  0.018904  14.552911
 -4.685899  -7.985112
-17.659146  14.027895
-14.360336 -11.868255
 -3.596003   2.748382
 16.102189  -1.680171
 -7.271215   8.540471
 11.046071  -0.491799
  5.188898 -12.797759
  5.326159 -19.613345
 -8.968297  10.343254
-13.123212  10.473556
 -0.412747  10.437339
-16.313563   4.533398
  5.286107  -3.825618
 18.426982  -4.620670
-18.306077 -11.903196
 -5.025184 -19.242546
 -7.040360  13.195855
-12.253162   6.999226
  5.016802  -9.946604
  7.663580  -6.163749
-14.694340  -4.611401
  3.511359 -13.186001
 12.824216  -7.991191
 -8.283219   9.022144
  3.816249  -6.421728
 15.363772  19.620707
 -6.227780  15.894798
 -5.573665 -12.338329
 17.744140  16.560934
 -3.825691 -10.754636
  8.995886 -14.604251
  9.269434   3.551836
-13.108204  -5.282979
  5.961399 -18.320408
 14.911148  -9.670749
  1.375444 -17.875956
 19.589337   6.414009
  6.081278 -19.018226
  7.514090  -3.295688
 -4.741951   1.872382
 -1.013905 -13.736167
  7.729604   5.160329
 -7.875788   6.401917
  6.434325  -9.108905
  4.183120 -14.368324
 13.093848 -15.645396
  8.663142 -15.137711
-15.285103 -15.591957
-11.933592 -11.889924
 -9.385441   0.916586
-11.813742   8.056095
 -8.104092 -18.239534
 -0.144353 -11.575318
 17.151724  -6.708097
-19.691575   6.796672
 16.112450  13.275194
  6.693268 -13.893878
-16.232726   0.463532
  8.853119 -15.788897
 -9.666673 -10.646053
 19.351171  -8.077522
 -1.414617 -15.847567
-12.881808 -18.237997
 -8.293540  11.943206
 -7.416799   9.446192
-16.038061  10.224879
-17.982792  13.939150
  6.468859 -13.047714
 -5.641915  -2.466505
  4.823559  14.987631
-16.119128  12.472586
-12.558371  -3.929210
 18.307473  -9.035410
 -4.525667  13.886594
 11.876004   5.894321
 11.757618 -15.322960
  7.768327 -17.477603
 17.521693 -13.487942
 -3.325302   3.593712
 11.969685   7.064368
-12.622082  -4.761869
 -5.599483 -18.658877
  7.304780  13.406044
 18.748405 -14.626049
 16.647760 -15.327676
 -3.513143 -17.979496
 -9.440130  -7.356177
  8.100900   7.045985
 10.594137   3.035301
  2.574484  18.924664
  6.725837  -6.403295
  0.914886   7.942975
-16.028411   6.403845
 -9.956351  -6.108320
  6.981305  -4.558886
 13.425708   2.310432
 19.316548 -17.639182
  5.678589 -13.585676
 13.814285  13.934098
 14.628859 -16.835336
 -0.330741 -10.260684
 18.617744 -17.806112
-10.980822   5.675366
 -3.830231 -10.494000
 -1.619854  11.929947
 -2.055296  14.120933
 -2.096102 -15.099209
 -0.104015   6.073571
-15.735324  -3.471394
  2.262388 -19.793279
-16.200536   4.126450
  4.715020  -7.737921
  0.330175 -11.608691
  6.790385  17.834063
 -5.411638 -17.650702
-10.972443  -1.803385
  2.381973   4.742416
 -1.063906   6.223821
  8.550175 -15.284675
 10.269070 -11.018815
 -6.282258  13.063402
 18.391574  -8.237451
  0.870609   8.003004
-17.987187 -13.299447
-14.238212   8.587502
  8.773740 -15.564324
  4.389730 -12.373281
 17.036564  -4.241299
 -1.700978  11.144248
  8.584801 -15.532476
 -3.386974  16.894411
 13.363663   3.516920
 10.776949  -1.960018
  6.274885  18.065137
-14.468414  -0.046386
  1.202428 -17.876564
 17.238208  13.417118
 -0.675894   0.329983
 16.678028 -12.782783
  3.110754   9.127589
-14.716081  -4.458739
  3.981622  15.154756
  0.162761  -4.567360
 18.988230  16.470046
 10.390036  -8.965603
 18.358304  18.631469
 -1.867310 -14.518475
 -3.455279   7.920566
  9.837704  -7.963040
  7.979175  14.284019
  8.390225  17.246278
  5.250298 -11.844792
  4.917037  -8.293052
 -6.126374   6.825999
 19.060886   5.943421
 18.149728   0.154180
  7.694754  -7.033697
-15.229952  -5.851383
 -0.777351   2.797272
  6.619427  -3.267874
  9.815601  13.519016
 -8.477252  13.753123
 12.208869   0.900107
-18.799223 -14.045062
  6.742065 -11.883864
  9.907327 -13.426958
 -8.450024  -9.877784
 13.439520   7.547556
 -8.112434  10.042320
-18.520667  12.435438
-15.741792  14.574201
  9.483902  14.447723
  9.599544   2.426314
-10.391219  11.258564
 11.833341  -8.409509
  6.513945  16.888799
 -4.452836  18.085398
 18.842580  -7.418902
  2.064134 -19.286577
 -9.846891   4.774243
 11.124626  14.656676
 13.067346  16.294861
  8.103311   5.846242
 10.102265   1.845959
  4.094124  10.935411
 18.385877  -8.150562
-12.773934   7.233291
-12.395727 -12.917713
  0.548335  -4.862950
 -2.831091   2.241305
-14.649365   3.325848
 -9.701361  -6.709714
  8.303696 -13.669694
-13.713346  -7.023851
-17.786125  17.122322
  4.578104   6.410852
 -0.374183   2.878009
 -5.619811  11.247645
 -7.212783 -11.089504
-12.518784 -17.100212
  0.203558  -3.329123
  1.466624 -16.158956
-11.040556 -11.351189
 -6.657413  -5.512406
-11.149567  10.005165
  1.207756  19.666591
 12.818061  19.052875
-19.451374   6.689963
 -2.151577  16.018060
  4.502563   4.796815
 18.172314   7.229034
 -7.090894  16.470924
 17.621512  -4.519313
  1.593398  -8.599972
 16.288903  12.755519
 -4.951662  11.991543
 -2.155947 -18.063474
 15.771952 -12.176509
  0.550230  17.749188
-13.171166  18.068538
  1.503803 -19.509709
-17.207316   6.745271
 10.833858  14.452054
 -3.001306 -15.684498
  1.495067   8.028618
 18.858467  10.898187
  5.803822  17.414144
  9.776877 -13.711319
 -1.614681  -6.664071
-16.334172 -17.650984
 11.650906   2.300135
  2.968507 -10.785233
 -9.557541  -4.433909
  5.156604  -2.652209
-19.131118   6.862630
  1.379441   5.600341
  4.686635  10.136040
  3.390077   7.954928
-16.925458  16.950691
-15.597033  11.360919
 -7.866512 -16.374393
 10.504860  -2.468024
 -4.153515   6.364637
 -1.030088   1.325323
-14.399294  -4.316694
 11.780391   1.810689
 18.221317 -14.094609
  7.020646  16.401089
 11.682678   9.081253
 -5.024032  17.798818
  2.119558   2.180762
-14.919888 -19.600818
  3.827534   1.471221
 17.700384  -7.734230
  9.832545  15.980436
 -6.183475  -3.458882
  5.778888   0.497087
-13.426207 -11.056796
 13.256035 -12.104682
-12.618224  11.866538
 13.949145  13.914954
 17.121847  19.574797
 -1.533898   1.966719
 -8.290154 -17.132435
-15.911185   8.933335
 -0.507260  -6.698303
-14.722680   6.156730
-15.838216   4.732825
 15.844696  -7.215677
 -1.954419   4.607160
 -7.695251   3.333129
  2.595860  -5.366060
 -7.273207  -2.839027
-19.608657 -10.051465
-11.027582   9.496722
 -2.529487  13.468358
-14.481489   9.225723
 14.964279  -1.471204
 -5.593833  -7.703317
  2.046204 -12.839502
  4.222456  13.535003
 14.205061 -14.255934
  1.529274  -9.375908
 15.298899 -16.772090
-16.814162 -19.062240
  0.284261 -18.564708
  3.242863  -3.756675
  3.565438  16.089622
  2.043122   1.721385
 19.749636  -1.104684
 10.897811  -5.313582
-10.957057  10.776936
  9.235782  -8.276433
 -1.397835   0.412315
 -4.087308   0.085824
  6.442068  13.780081
 12.138986   4.515825
-13.232595   0.559813
 -2.129670 -12.705851
 17.768989   6.312767
 18.522328   9.342424
 -0.653265  -5.591697
-11.134763  -0.489371
-17.310698  -5.170367
-18.104786 -11.611747
 16.145953  -5.494446
 -1.200901  -1.796119
-17.961077  19.031355
 -6.966784   8.067956
  0.846367  13.054027
 13.260942  -9.372684
  1.756262 -12.915547
  6.085542  -5.334248
  6.072127  13.284575
  0.659851  -4.897380
 16.126800   0.648323
 -5.825239  14.561689
 -0.520282  -0.708440
  4.126755   0.072745
-14.296855 -13.242009
-16.747306   5.681689
-11.423923 -12.398535
 -5.455971   8.605187
-15.114123 -10.678285
 12.322436   8.722124
 -0.731941  -0.838940
-11.456124 -13.414648
 13.201254 -18.911137
-18.091484   2.910066
-13.419286   5.129801
-18.248042   2.861864
-17.585885  -9.572918
-12.670513  18.146238
  3.934558   2.518746
-19.062647   8.694073
  6.405104  -8.575197
-16.404359  -2.011547
 19.513923  14.545175
-13.045555  13.082398
  3.993213  11.666796
 12.689946 -12.597388
  6.322091  -9.324980
  8.877797  -6.230218
 -1.842582   3.587601
-10.699374  -4.535709
-15.500623 -11.786997
 14.239831   0.172637
 -3.176117 -13.877377
-15.986576  -0.955580
  4.544028 -18.254152
 11.241182   0.131837
-15.146350  -0.703259
-14.638978   4.097596
 12.969862  15.719971
 10.884869   5.909577
  0.872951  -5.133053
-18.079844   1.180734
-10.712344  11.971088
 11.466401  -4.703035
  3.526304   9.559204
 10.356953   7.789621
-15.930410 -14.498229
 -0.905207 -10.592490
 14.218509  -8.582640
 14.919946  -3.617590
-12.314768   8.282294
 11.461130   3.088291
-15.133987 -19.515116
  6.120026   7.435563
 -7.290292  -5.454116
-13.670768   6.002407
 -9.756144  14.057086
 -3.026963  -5.320494
 -8.887803   7.151986
 10.096887  -3.436165
 11.238021  -0.694277
 -5.139566   2.174490
 -9.750405  -7.656538
 -6.163490   8.137586
  9.336984  14.057957
  6.307601   9.813442
 -2.114843   7.892733
-13.392913 -11.307458
 -3.937788  -6.397861
  2.002818   7.803473
  8.188881 -13.434775
 18.396982 -19.590491
-16.192892 -14.044994
 16.864127  -2.559054
-17.262414 -11.017898
-16.630426 -18.304889
 -4.580690  19.184145
  4.513037   0.831820
  8.379591   3.859914
 17.650348  12.681058
  5.555536  -2.416707
-11.812393   6.212615
 12.034832  -8.474142
-18.469070   3.940791
  0.626220 -10.625829
-13.088477 -18.371979
-10.325438 -19.788624
-13.565187  19.673959
 11.075046  -5.816145
 -4.152333   3.408775
  0.702611   9.382251
-17.082760 -16.229432
 -8.534046  13.058686
 16.434355  -6.015428
 18.346192  -8.850289
  4.211991 -12.096802
 17.016668   2.966306
 -9.460143  -3.677469
-15.583988 -16.933516
 -8.147628  17.701812
 11.996513  18.085690
 14.894077  12.400635
  2.965798   7.689998
 18.455796   2.501477
 10.690701  10.195942
 18.265054  -1.629602
 -1.555471   3.438330
-18.716912 -15.195775
-17.124851   5.293007
 19.570242   7.005754
-10.694767  -7.297065
 18.035649   0.653567
-19.414962  13.154211
 -9.968999 -16.116827
  6.878438  12.714558
-16.789259  17.083291
 -0.928404  -5.799898
 15.614924  -9.144599
 17.705877   7.251049
 16.233127  -0.039626
-11.893205   9.322991
 14.760603 -11.611566
-11.770444  -9.912061
  4.696437 -13.622575
-15.575104  16.639450
  6.962160   6.471594
  4.507548  10.464071
  1.642369 -18.126380
 -0.701234   4.778432
 -0.303321  19.220309
 15.721191  14.603246
 -0.364108  19.182029
 16.473870  -8.701442
-11.005126   3.035941
-17.655732  11.851089
 -0.858525   1.614411
  0.098018  -4.208810
  7.379010 -12.877906
 18.869685   7.850485
 -1.581205   7.492738
-19.331929 -11.454206
  3.207925  -6.912726
  4.466013  -9.515850
  1.923111 -10.409290
 -1.134724   4.478128
 -5.309404  -0.048707
-11.462914   7.948220
 -5.056539  14.031313
 -8.726671 -12.676387
-14.606889   3.005352
-10.748757 -15.845158
 -9.110015 -10.462115
 -2.684137  -4.717018
-14.024588  18.182258
-13.877897  12.104467
-12.806352  -0.015926
 19.624246  13.835841
  0.673476   8.734189
 11.299184  -7.918646
  2.460683   2.686247
 -4.023285   7.545510
-17.422559  12.427196
 -0.929039   5.142544
 -1.985749  -6.547601
 -5.505904   2.389861
 17.101045  -9.594493
-19.014521 -14.998995
 14.547796  18.339416
-11.921259   3.005421
  5.905586 -12.888262
 11.100240  -5.737682
  6.858436  -0.495248
  9.366436  15.429445
 -4.709588  -8.453666
  5.215803 -14.064006
-13.164009  12.185599
 -6.439423   5.198427
  2.836848  13.816471
-16.974775 -13.384820
-10.762570  -7.251622
 -8.262288  -9.208093
  5.727914  -9.058575
 -2.182024  14.367137
 -5.418672   3.442023
 18.434831  -3.406033
-12.518107 -18.885197
  9.019788   6.416093
 17.441319   7.947598
-16.629436 -13.190346
-15.720831 -17.273821
 14.996163   1.917976
-18.755949  -4.078304
 10.493856 -16.503252
 -9.406890 -13.651135
  6.131374  15.264664
 -7.548922 -10.003098
 -8.546659   5.008635
-14.601426  13.405304
-18.668577   6.476546
 14.270605  -6.922028
 -0.944272  18.809269
  1.607133  -9.012389
 -2.184141  18.593874
  7.825866 -12.789349
  3.864334   5.189482
  5.379705   2.533786
  0.929008   5.525319
 -7.537411  -6.052135
  1.570858  12.066428
 -2.302332  -5.314980
 -9.511641  -7.778513
-19.796343  12.489040
 13.778681  -6.182157
 -1.219761 -19.470642
 16.714700  17.699517
 -0.908144 -19.438349
 -2.754762  -8.200265
-10.643870 -19.514168
 -5.003702  -3.495260
  2.397953  -4.167818
-13.334528   9.389867
 -4.366959  -4.817021
 -9.385981  -3.079320
-10.313352  10.475716
 16.234194  12.179968
  7.311755  -8.526797
  9.619905  12.228823
 -3.449006  13.997888
-12.576676  -8.332026
  5.420951   4.662085
 -9.023488   4.861050
-12.363538 -19.031942
-17.834570   1.384842
-12.436871 -15.749970
 -9.139873   8.521759
  8.993440 -10.580704
-13.832926  -0.254250
 -6.260251  -7.461563
 11.858709  19.719352
 -1.438095  11.540419
 -6.722154  13.604433
 17.885104 -17.580882
 10.915855 -16.973166
 -1.182188 -12.189185
 13.524956  12.563129
 12.998781 -14.970322
 10.618569  -9.941091
 10.740523  -2.258747
  9.409713 -18.472992
 -1.550948  10.731440
  0.837109  19.091788
 -1.076108   7.185116
 -7.440469  -7.006698
  5.114904 -18.129438
 17.321869   0.828680
 -9.768815   5.485392
-11.930544  15.345775
 14.400844 -11.175585
-15.328033   5.263195
 -6.949266 -13.172530
 -8.866438 -15.061876
 11.450094 -19.446378
-18.137063  11.225620
 -0.979281   3.810006
 -5.092613 -16.256596
-13.555141 -16.180499
  4.698336  17.061612
 19.680135   4.955240
-17.432905   5.725166
  7.972594  11.542063
-14.817233 -10.586085
 19.074358  11.427048
 10.165222  12.098805
 -2.426732 -12.158574
  7.494299  -5.616567
-14.464606  15.787057
 -0.582036  -2.475000
 -8.129302   7.802696
-12.284877 -12.409582
 -6.032479   9.203135
 -8.897151  13.121444
 16.413170   2.159004
-17.072487 -13.660991
 -8.091363  -9.371369
 -5.262337 -19.771495
  5.465832  -4.789875
-12.452842 -19.058694
 14.130440  10.930256
-10.344052   8.751741
  6.268261   1.542678
 -4.455363   0.953163
 -0.097053   2.038125
  4.476354  -7.025038
  5.579796 -15.425620
  0.918741 -17.159478
 13.273657 -14.660939
 14.790314 -11.797670
 -0.579337 -15.889358
  2.812082  13.317461
  6.253682   1.022526
  7.972035  -9.664834
 -5.292381   4.195764
-16.993391  17.036357
-11.533971  -0.340342
 15.434786 -16.633711
 11.920390 -17.396273
  2.297588  17.354457
 -3.328253  -5.184881
  8.253978  12.816261
 -9.273701 -18.190135
-17.012630  -7.765380
 17.606298  18.239235
-15.954078   8.916809
  1.253778 -12.297368
  1.037204  -9.948984
  4.962872 -12.715643
  9.868097  -3.358690
-15.621638   5.489522
 -5.624651  -1.634665
  6.543597  15.159831
-13.194351 -12.656297
 -3.898336  -6.434490
-13.536212  19.737969
 -2.256718  -5.847967
 -7.319862  19.461934
 -6.943697  -5.079907
 10.461701  -2.748712
  8.944360   4.293169
  2.500530 -11.328446
 10.522045  16.875418
 -9.738071  18.281410
 -2.079008  -4.075214
  8.962006  19.125076
  3.792208   0.697331
 19.539116  -7.847071
 -7.906775 -11.013287
 14.086529 -18.940626
 12.748821   7.512880
 -8.872097   2.125061
  2.230394  16.866529
-13.673294 -18.305643
 -5.716032 -14.319036
 -5.263517   3.253366
-10.573432  12.318540
-16.160557  -3.967989
 16.548119   9.276932
  8.853789  11.599006
-12.953061  12.897928
  7.507966   3.018805
 16.143163   3.771156
 -7.904427   9.139259
  3.020834 -16.692295
-17.585461  10.727700
 -6.021964  12.558811
 -3.305740  14.566111
 14.643546 -10.821980
  6.050056   4.051145
-19.347199  10.985777
 -4.653516  -7.730578
-18.169183   1.581217
-13.876631   0.095104
-11.056432 -17.799415
  9.170512  -4.241845
 -2.153597   3.767235
  0.187282 -11.005409
 -8.324592  -4.184833
-14.565314 -16.531214
  2.829047 -17.847281
 -3.992025 -16.430872
  0.072195  10.843475
-14.637143 -14.459118
  2.348129  -0.480700
  6.029038 -12.034468
  4.593475   9.332443
-10.048665 -16.962898
 10.960167  -6.992899
 16.795868 -16.252052
  6.801203  -3.027792
 -6.007009  -7.098761
  3.717535 -18.841410
 -7.729174  19.311016
  4.602351  19.410304
 -2.288480 -14.025588
-18.022849  12.599608
-11.892466  -4.996697
 10.206258  13.969460
-15.350079 -17.640295
 17.778060  16.898496
 14.602593  12.677305
-19.256162   7.674291
-15.393392  -1.977562
-18.899175 -11.523222
  1.505016 -11.729466
  0.921329  -9.557143
 -0.672157   9.104974
-14.202642   7.870707
-19.071815   3.286996
  6.475722 -18.078113
-13.055342  -8.553064
 11.451864   4.671405
-17.697824   6.128412
-19.469967  -4.409652
 -9.056109  13.942485
  6.339975  14.425578
-19.044498  14.549454
  5.916681 -10.645723
 -4.724232  18.873833
-15.855693  -7.307944
 14.524201   1.249802
-12.417871   0.025773
 -1.663744  16.883459
-18.949057 -10.003271
  1.164848  -6.590642
 -4.221367 -13.582592
 -6.067516  -5.864242
  4.959146 -10.446291
 18.938473   0.049558
 12.350957   4.981378
 14.995620  15.459923
 12.468402 -18.633150
  2.175598  -8.704324
-13.792356  15.728142
  6.214498 -16.323317
 -4.664598  18.239985
  4.452956   4.970774
-10.793852 -10.281712
-13.751133  18.633272
 16.225522  -6.760324
  1.672457 -11.612412
-14.312370   1.637612
 11.884160  14.358471
 -7.563664   8.123401
  0.942697 -14.444001
 19.629158  18.840766
-14.051965  17.147986
 16.517640  -7.227150
  2.270676  17.764622
-15.111863  -7.223135
 15.033670   8.992350
 10.511226  15.053223
 -3.404010  -3.514430
 -2.257022  17.177234
 15.607552  17.156701
 -8.957672  11.052672
-15.571851 -12.484039
 10.392920   4.434471
 -9.232241   2.654906
-10.655911 -10.605572
  7.420164  -5.573251
  7.450395  -0.926552
  0.092054   4.146586
  8.395957  -4.991208
 13.944326  -0.338754
-14.354496 -12.146911
-18.523710  10.475739
-19.205435  -9.113595
 -3.443457   9.597720
 19.334439  10.207953
-17.181002  16.913287
 19.230855  14.538309
 -0.398261  -6.934133
 -1.681221 -10.027360
 -3.767276 -18.143680
  9.319138  -4.737183
 -7.409259   4.415593
  9.601727   3.714710
  0.999129  14.881006
 11.362027   0.817704
 -1.916260  12.949600
-18.120330  19.635120
  0.740625  -4.133797
  9.312735   2.284958
  0.638617   5.173683
-17.847900  -8.269297
 -4.037620  -7.739656
 12.973792  -1.530652
 -3.070498   4.480117
-17.639952   0.671998
-14.167311  13.063783
 -1.912756   8.816813
-15.318405  11.037753
 17.338561   7.766120
-14.441856  -3.423052
 -1.944920 -12.716408
  3.576493   8.420322
-11.803493  -1.794545
 -9.896741   7.592010
 16.123634  11.740854
  8.647639 -14.907649
-15.279068  -2.003823
 -5.427442   0.943165
 -4.590140  11.526237
  0.461991  17.810254
 -4.804326  -4.727962
 10.623109  16.325210
  2.593467   6.317401
-13.856447  14.605214
-12.716876   8.397081
 -3.184565  -7.543075
 10.637765  -2.128174
  5.007533 -15.144862
-14.589787 -11.767072
  4.853389  -9.776805
 -1.637751  14.074278
  1.722646 -19.572278
 15.155036 -10.380017
  3.518948  -0.961805
 -3.558006 -16.655565
  3.964043 -10.109358
  1.874728   4.742735
  2.278926  12.879999
-17.862816 -13.929056
  6.069764 -18.345846
 14.011640   6.613063
 13.385372  -7.981715
 16.647234 -17.858358
 -3.288506 -12.741364
  6.814784   4.399154
  7.583939   3.760772
 11.377380 -12.774197
 -1.768622   3.127065
 17.086601 -16.112199
 -7.947939  -5.204651
 -4.794002 -17.120400
 -2.877976   1.998655
 -8.203825 -14.471987
  7.706930  -8.933026
  1.071288   0.975990
  7.754848   4.437328
-15.471632   9.097249
  5.107553  19.292695
 -0.646946   7.470709
 17.182110  19.256626
 -8.427383   4.310246
 -7.267053   1.005493
 19.602964  -5.787408
-14.663360   2.480320
  0.780350   5.221561
 -0.296824 -12.675674
  4.332468   8.260048
 18.978603 -19.737396
-18.850123   4.968245
-15.130141  13.783564
 11.862748  19.759885
 -3.403971  -6.581827
  2.392454   5.445140
-19.352628 -11.832989
 -8.647583  11.491742
 -7.612207   0.264909
 -6.972616 -19.557202
  7.359097  -6.282081
  8.886107   4.593336
-18.646952 -12.845088
 -6.711613  -6.417701
  6.829929  16.480057
 11.771274   5.767828
 -0.732777   5.037139
 15.525510   1.463915
 -6.529658  11.245966
 -3.407459   9.606352
 13.270187  -7.945988
  8.908581  -7.306087
  1.421065 -11.552806
  7.345535  11.861599
 15.365967  -5.797617
 18.596686  -8.693783
-18.565543  19.151303
  5.009830  13.559269
  2.810873  -4.373176
  3.769598  14.437910
  9.960992   8.128541
 -7.345824 -18.547523
 -3.410765  -0.116644
-10.389367  -1.904509
 17.848779 -11.240861
 -7.828195 -15.355642
 11.283782  11.000500
 16.368812  -2.226546
-18.812583  -0.686538
  0.002151 -12.267618
 16.776016   9.204666
  0.935667  10.911115
-14.125516  14.723240
 12.756685  17.345744
  6.998005 -14.544401
  8.892997  -1.609011
  8.461625   0.884857
-19.637249  17.120559
  7.407272   3.733788
-16.351795  -1.311714
-17.972865   0.814877
  6.295778  -7.425760
  3.071369  -7.439141
 15.528569  -7.093137
-12.175193  -8.844678
 -7.161668  -2.331821
-15.141027 -13.886899
 -8.963979 -19.195834
  4.868621   0.556802
-11.619536  -5.927402
 -7.187997 -14.194350
  8.092406  -8.582599
-10.104927 -16.978782
  4.485210  -6.385940
 -2.231554 -14.649070
 -1.158871   6.949639
-15.605294 -17.669525
 -2.911956 -12.712273
  3.806406   3.673146
 13.312506   7.894874
  4.606087  -7.427350
 12.570702   8.430788
  6.766463   1.326003
 18.757803  10.127420
 -1.358464 -14.580907
 12.388900  16.619686
 -1.256274  -1.758867
  7.305328   8.324550
 -1.370296 -10.624909
-10.937740  14.299413
  4.630907  16.349320
 -4.273754   7.904739
  6.541152  11.435637
 15.143194  -1.849991
-18.601540  -0.976759
 -5.882944  -1.534829
-13.036259  10.610484
  4.135833 -14.755198
-15.723884  12.575095
 11.751608  -6.895559
  5.918276  11.580265
  1.296724  -3.927668
 -3.427701   4.786644
  1.898781  18.766113
 -4.600868  -6.307719
 12.431062   3.602420
 11.258833  -2.559993
 11.378140   1.763264
-10.448289   6.439445
-16.715382  17.062185
  2.937856  -0.529440
  3.649660  -1.468826
  2.181473  12.752113
-12.823510  18.052984
-17.043538 -15.493713
 12.437042  10.745198
 -4.795124  -0.225912
  6.342524 -16.214893
 12.554530  15.335557
 15.968938   5.390860
-19.792700 -13.989676
-13.891029   1.237731
 -4.356687   3.086084
-12.051602   7.188065
 -7.262730   2.782946
 16.362889  -7.739815
 17.555999  -2.584809
 19.110180  -6.167121
-16.264219 -19.478478
 19.262297  -3.793782
-14.748794  -8.150287
 -5.178773   1.935851
-17.696158   8.052823
 12.701830  -5.573913
 14.305414  14.480914
-10.484450   8.007987
 -4.186974  -7.202159
 -4.641531  -4.690024
  1.786704   6.434507
 -0.995092 -12.346217
 -4.570036  16.809489
 13.462522 -13.691015
 19.699259   6.734617
-14.482613 -16.958859
-19.177971   8.765034
 -0.526627  -2.505289
 19.412619 -16.447328
  5.632819  -3.332124
 -1.741265  11.441566
  4.135409  -2.942115
-12.680024   0.372831
  2.061181  -1.978188
 -5.729834 -12.442675
  4.141101   3.086365
 13.733434 -10.424701
  0.068461  -3.530823
  1.828184  -5.267987
 18.938045   2.698723
  8.113349 -15.318691
 -0.731297   7.543692
-14.173336   9.159210
 19.149732  19.153268
 11.043245  -1.388521
-16.701910  15.440653
-16.297525  -1.090918
  9.570770  18.232277
-16.707956   5.294031
 11.804690  -7.425011
-17.710139  -6.195572
 11.029674  -1.232795
  0.501459  -1.218397
  9.259056  -3.127762
 18.239020  11.809640
 -8.347346 -18.401081
 16.745435   9.877241
  8.988080   2.522768
-17.367857  -1.062843
-13.104462 -17.755853
 19.418447  12.232273
  4.922953  -8.442100
-16.532597   0.221606
 13.917232  -8.797188
-14.551465  -8.673512
 14.171192 -19.237561
-15.382644 -12.885292
  3.634097 -13.815030
 -2.112535  12.190491
 -9.454398   7.950685
 -0.597227  11.855131
 14.335771  -6.223219
-16.457702 -14.055218
 17.184097 -13.695648
 -0.160448  19.545989
 10.706564 -10.377281
 -2.368674   5.447957
-11.450073   9.280700
 -6.135002   5.633539
 10.117164 -15.206623
-13.163024  -4.009706
 -7.865862   9.747562
  9.996143   1.287825
 -4.759889   8.142069
 -1.006253 -14.052067
 14.662998 -19.330224
 16.918012  -2.026703
  7.068339  18.285804
  7.241902 -18.175702
 16.541401   5.441996
 18.064873  -2.701279
 16.554464  14.190885
 -6.535291  -9.223322
-15.908239   6.111994
 -4.310311  10.816780
  9.864000   9.278813
  3.513482 -12.080943
 -6.438699   7.535022
-12.675301   1.885457
  6.842954  13.134904
-19.326328 -15.931129
-15.685272  -2.140689
-11.111114  -8.581438
-12.154051 -18.861461
-16.159125  17.364817
  6.201579  13.284182
 17.839363   5.468082
  8.239774 -15.048906
 14.115057 -14.655673
  6.193227  15.835930
  2.616325  18.499754
 15.681665   7.747884
 -9.767905  -1.308559
 17.272810   5.495708
 16.738737  -8.855211
 -2.891457  15.974303
 10.687268  -6.993197
-13.386145 -16.869716
 10.973396  -4.641160
 -6.626872 -17.421678
 18.041986  -9.319272
 -2.353237  -0.327817
 16.972017   4.367955
-12.733690  -0.314531
-14.102645  10.640810
-11.151895   5.676191
 16.339325   8.529853
-15.709830 -16.912388
  2.825245  -9.876385
 -2.143071  15.701891
-13.905371   5.557277
 17.142591   6.518391
 -9.249115   7.922186
 16.022855   2.955754
  0.609167  17.420478
 -0.369094  -2.532116
 13.624346  11.125107
 11.301116   1.589097
-19.669029  17.984552
 12.591876  -0.710173
  2.662858  17.227671
 -5.586834   7.200695
 -3.935654   5.237992
 18.169426 -16.209588
  1.371201  18.252651
-16.613911  -1.598282
 10.553720   5.852586
-12.805915 -18.242485
 -4.587118 -12.236275
  7.756938  15.699844
  5.172435  -5.573260
-16.439446   5.258534
  9.318838 -14.258259
-12.153528   8.701666
  3.680639  -0.426391
-17.305492   1.605861
 -7.613857   1.344026
 13.236312  -2.007432
 19.635012 -18.333110
-17.580244  11.396030
-18.104544 -15.119790
 12.161307   6.625730
 -1.648534   7.051882
 14.820514 -13.901436
  3.142090  16.822706
-18.339644 -14.193017
  6.091728  -1.139702
 16.553555 -17.986253
  7.971354 -14.630706
-12.978939 -17.821663
 -7.629442  11.630405
 -1.735090 -13.040700
  3.605283  12.584887
-15.589284  -0.113118
 11.847339 -11.065328
 12.056360  -2.922026
 12.336233  19.094833
  7.064554  -6.960296
 18.843789   3.008294
-14.361756  13.322513
 11.606826  10.463424
  3.686176  -6.514052
-15.018479 -14.207023
 -3.359889   7.773313
  2.114946  -2.429016
 16.856751 -18.188324
-15.841273  13.755722
  4.452684  10.995401
-19.181039  -0.516088
-19.548557 -12.695251
-16.270007   6.009529
 15.321840  -3.317599
 12.173507  10.793483
  7.617390 -11.636055
  5.537098   0.914240
 -3.483560  17.348349
  4.377304 -18.310200
-12.671982  -0.004450
 17.831803   5.036790
 11.190288  -6.024999
-19.619026 -10.468695
-15.146690   1.195881
-16.010919  -5.468708
 10.340678   1.573024
-11.116665  10.705119
  6.309355  -8.853507
-12.128728  11.745874
  7.335653  18.555524
 -1.013252 -12.817577
  6.737648 -18.092622
  5.736489  -8.511445
 -2.587003  -6.561933
 12.084086  10.232958
-18.084628   9.520509
 16.824509 -12.834851
 11.305484  -0.591569
-15.203823  15.645135
  8.767562   3.671184
 -6.891496 -11.929445
  7.003361  -6.902876
 11.047421  -6.885164
-15.916660   9.414815
 14.647498  -4.928917
-11.061755  -1.148786
 -0.617454  15.463358
-14.060326  16.944330
 -1.782361  -4.461720
-14.398377   8.704920
  5.228036  18.832013
-11.792449 -14.762414
  7.611537 -17.437792
-14.394541  13.925394
 -1.640275 -13.020428
 -6.194390  15.301795
  4.103985  11.466060
  5.464769   4.416512
-13.070555  18.617379
 14.058159 -16.375616
 14.136161  -0.427149
 19.628308   3.626603
 13.344765  -8.744833
  9.108703   9.352683
-10.032495  -6.839080
  3.146894  15.516176
  3.634157 -13.900800
  2.918551 -19.598928
 19.015288 -18.213676
 -1.162156  10.636813
-18.468626   1.232420
 -0.820934  11.801494
 12.723136  -1.883322
-10.275745   2.316084
-19.308050   9.178737
 17.817382 -14.544605
 -8.086699   5.846552
-16.207112  -0.800595
 -7.728471   8.050858
 14.173716   9.792553
-18.833226  -1.788304
 10.764666  14.818282
 -3.747729  11.478405
 -5.131350  -1.413887
  5.282731  14.271153
-17.000336  15.580004
 -6.616917 -18.504519
 -2.934271  -9.116341
 17.665382   1.680430
 11.661359  11.392597
-16.594022  15.081551
  9.336127 -17.629458
 17.634760   6.916257
 15.363925 -15.405725
 -5.322602   4.717685
 -5.323383 -12.859411
  2.328102 -17.146566
  8.289751 -11.693381
 19.057564 -10.350145
-15.303116  -0.851659
 17.390258   3.172728
 18.180508 -11.492159
  9.702662 -10.872686
 -5.832618  -9.212629
  7.136979  -8.825045
-17.290580  -6.129027
 -0.545415   1.056631
-14.940706   8.309081
  7.061008   1.301076
 -8.226332   4.789670
 11.876193  17.636467
 12.228317  17.458685
-17.201147  15.519367
 -1.668185 -16.625252
 15.758656  -8.380442
 18.082426 -15.469149
 -8.872668   7.804452
 -0.145382  14.849728
  0.819231   5.040137
 -8.190490  18.595154
  1.640824 -14.571716
 -6.070670  -2.223142
  5.729504  -8.255935
-17.307199  14.723031
-10.599809  17.718969
  5.729012  -3.497008
 -6.225418   5.783629
 -6.878266   3.696947
  7.795798  13.539552
 -2.167850  -7.758339
-14.574612  11.458191
-12.999210  -9.503705
 -0.623973  18.640672
 10.682090 -17.926170
 -5.816413  -1.745309
-13.212022  16.795613
  8.387762  -8.504235
 18.738961  13.437534
  7.637227   6.587696
-13.722002 -10.378949
-18.170402  -7.261617
-14.791649  -9.487875
-12.493935   2.474495
-18.426312  -7.249027
 -6.183658  -5.032569
  1.578717 -13.361135
 -7.858233  16.649185
 -3.779332  -0.023090
-14.042798  -1.661587
 -7.119370 -19.629945
  9.444401  18.833801
 -6.681286   8.135874
 -1.033137  -8.322844
 17.582777  19.035315
  2.919612 -13.975494
  2.583168  16.112479
 -2.292621   7.490220
  9.172965  15.846909
-14.278838   2.018016
 -7.599945  -3.895455
 13.498726  -2.139481
-16.137747 -17.620668
  5.595981   3.303885
-11.003103  17.252337
 -8.794084 -18.907074
  1.521127  -2.159860
  6.793688 -16.339873
  0.466786 -12.099778
 -7.216791   4.161082
 17.558726  16.174499
 -5.501831 -13.941341
 14.010641  -5.162653
 -5.035886  -8.527846
 -5.886341  18.909936
 14.822349 -16.331094
  9.022993  -2.208874
 19.506848  12.025946
 -8.370093  12.104642
 18.626283  -3.016245
 15.698582 -14.273120
  3.452331 -16.391312
-11.571762  -1.005320
 14.554022  19.270879
-17.181815  18.219774
 10.142117 -16.297448
 -3.585359  16.410656
 -3.385245   2.210228
  8.325781  10.107652
-14.377689 -12.434146
 -4.681927   2.133130
-18.127577  12.919433
 13.249574  -7.764991
  2.347530  -1.447307
-18.737135 -19.703112
 -9.397990  18.058653
 13.236026  -1.087370
  6.090994  15.550386
 -3.280592  -0.321294
  7.438590 -10.107890
-15.073555  -8.822205
 19.575585 -17.157697
  9.724397   3.210204
  2.596754  14.586498
  5.068643  -0.948788
  7.692106 -15.064486
  0.496024   2.980442
 13.673091 -13.351250
-17.482988  -7.140628
 14.981364 -14.434303
-13.332969  -9.002254
 -3.187245  16.319343
 -5.703021  -8.321695
  1.172648  17.278154
  0.549113  10.551121
-12.543399 -16.057457
 10.004089   1.731008
 14.748748  12.942151
  7.324699  -7.877537
  7.343571   7.458527
-16.004997   3.169847
 12.803267 -19.289253
  0.719562  -5.028638
 -0.597999  -6.323602
 16.267204 -15.744253
-13.679625 -11.043905
-12.338695  15.723447
  4.491763  13.124081
  1.015852   1.270988
  2.024068  10.149747
-15.286917  -1.564542
-16.774547  12.626252
 16.767026  -0.811078
 -7.461691  -5.442285
 12.554733  15.433165
  3.866886  10.438146
 -6.255013   8.311837
-18.661122  12.457135
-10.994629  14.129882
-14.162570 -10.827653
-14.836370 -14.643357
-16.687244   7.556398
 11.247577 -16.721682
 10.877815  10.190428
-18.116329 -15.530432
 11.604985   0.533776
-17.453097 -15.090680
 -9.780706 -17.176604
  6.636422  10.080191
 11.181884  16.635884
-11.666113  15.886525
-12.482640  -5.879267
-16.205139  13.696116
 17.497061  17.772148
 -6.025673 -13.441929
  0.025123   9.050742
-10.223828   2.781320
-15.875415   3.094094
-19.246221 -11.206876
-12.214718  -8.638471
 15.905748   1.470209
 18.753764 -15.892046
-11.324991   0.166133
  8.227141  -5.288064
  3.539471  -2.389233
 18.126810 -12.638398
 -5.749035  -4.767244
-11.314750 -10.788853
-15.331319  19.190665
-14.904830 -15.431480
-14.417870  10.386038
  8.107344   2.262432
-18.191901  -6.806630
-15.217385  -8.568987
  3.975425  -7.444526
 18.856690  -2.219348
  2.135069  -8.292663
 14.072480 -12.324115
-17.043477  13.505908
 -0.963199   7.093592
-12.699828  19.749444
 -0.330724 -15.635193
 -2.452889   6.278511
-16.433766 -14.122645
 -3.935278   3.586066
-15.771803  16.841496
 18.922992 -17.237468
 18.818217  -6.390187
  3.760449  19.430188
-14.938618  13.389122
  8.917940  -8.770674
  8.454355   3.243978
 -8.990277  11.463912
  5.695715  -3.950673
 -0.957279   4.085351
 -3.784033  -0.612499
 -8.755931  10.612782
-15.521748  -9.872682
 -0.107958   5.083493
-14.469508 -15.855706
-17.707044 -17.098145
  7.053055  18.694073
 -4.647734   7.096493
-13.751629   4.829884
-15.985188 -16.769917
  9.963746  10.595856
 11.592164 -11.803503
  6.418892  -0.386086
 -9.438055  -6.192820
 14.243024   1.846153
 17.922188 -18.548698
 -2.755906  16.431591
 -4.608257  -7.343456
 -4.897072  -1.597613
-18.498752   2.243995
 14.270284  -7.799435
  8.159944  -0.337407
-14.474266   8.542638
 -0.496785 -15.468473
  6.930973   6.339112
  7.340817   2.859525
 -0.953922  14.032318
  0.264728  -4.301161
 -0.210231  18.646482
  4.630811  -5.830555
 18.920205  -7.108882
-18.685379 -18.013309
 13.342592  -5.984479
  9.585463 -18.734766
 15.497178  -6.286242
-15.944938  -6.132336
 -5.648303  -5.889737
  6.385104  -9.994488
  5.864080   3.664254
 16.251405 -17.206191
 -7.725467  -6.431267
-19.019405  -6.885773
 -1.547988  14.389393
  2.694756  15.895830
 -9.241892   7.759956
  3.484374  19.236285
 -4.841591  -4.344089
  2.872530  12.209732
-15.837755   6.934407
 -6.495688   0.109633
 10.490194  -6.354239
  4.547184  -5.411962
 -2.534751  -0.120712
 13.754430  11.371125
 13.479067   1.419027
 -8.420720 -17.917758
 19.650617  -3.879717
-10.854915   9.618366
-16.158470  13.629801
-16.048549  -6.461213
-17.136117  11.926953
 -0.979373 -11.494329
 11.707809   6.000858
 -7.846858  12.043418
 -2.656745   1.581924
-11.876951  -3.868882
  4.948569  -1.852147
 10.432312 -12.648206
-19.063308   8.051933
 14.363308   3.042994
-11.367069  18.299836
  9.591437  -1.295106
 17.311652   1.295686
  4.531123  10.657119
 -2.624510   2.618211
  5.019635   0.881876
 -5.374723 -13.949350
-13.841283   7.338143
 -7.909083  -2.558604
 -7.181334  13.076489
-17.248670 -11.739102
 -3.467440  12.818944
  5.783289  -9.644713
  4.008798  -3.727709
-15.303080 -12.200126
-10.074770  12.958261
 -1.419276   2.369070
 -2.529137   5.818113
-18.334652 -13.489404
-14.397347  -9.567485
 12.020112   6.283360
-12.830985  13.959832
 18.365961  -0.560658
-19.011614  14.239527
-16.476390   4.023350
 14.540002  15.862765
 -3.682529  -5.408004
  6.234252 -16.223871
 17.549221   8.879684
-14.233818 -15.367478
  9.285424  17.144244
  0.869519  13.027671
 17.807110  17.089603
 -9.828401  15.228769
-10.372157 -14.957837
 12.144815  -6.760278
  3.339318  -4.357954
  9.835619 -10.456852
 -3.054388 -14.086595
-12.863891  18.608970
 -2.396774  -9.729486
  3.543445  -0.381800
 -4.961683  17.768951
 -7.266998  -3.018260
  7.236443  18.347287
 15.025568  17.304103
 -5.425279   8.540581
 12.726069 -18.965461
 18.485484   4.190263
 13.522329   6.424048
 17.457592   7.551025
 11.436587 -10.308837
  2.088025  -7.552967
 18.155951  -5.430938
 12.365112 -14.966671
 14.531336  14.162827
 -4.416548  16.227648
 -4.238167  18.928517
 -9.680866 -16.226087
 12.779226 -10.475766
-11.468695  15.453770
 16.469276   5.201567
 15.026903  10.562940
 -3.710963 -18.458285
 14.511206  12.798632
 17.443619  -1.144785
 -3.446732  13.510073
  8.608486  14.919745
 12.681556  12.846274
  7.859895   0.250847
 -5.866489   4.043791
 12.411751   9.416307
 -1.850835 -18.716905
-17.736887   5.607063
  5.154191  11.524365
-14.410748  -3.933791
  5.080532  -7.376617
-16.543611 -13.550231
  0.648089  18.598718
 13.092607  10.421243
 13.739633   7.355834
 11.588635  -7.151794
 -0.856727   9.312816
 -9.477077   7.423688
 12.940037  11.861335
-11.932917  -3.385942
-12.597186  14.905045
 17.612383  15.219921
-10.910310  17.745125
 16.755249   5.825425
  5.014443  16.111053
 18.775452 -11.948658
  7.969942 -13.117264
 -3.919018  -2.815427
 -9.497752 -16.273174
 -5.230362  17.710843
-15.152919   8.655904
 -2.567714  16.631566
 -1.833169   6.874958
-15.106911   8.457123
-12.254451  14.332694
 11.172029  -8.396706
 -0.230941 -14.644106
 14.110974   3.963278
 19.610215  -8.594497
  7.016671  -3.234093
 -3.622446 -14.020663
 -8.308359  -9.432741
  4.660138  16.130198
 -5.162346   7.296977
 -1.656701 -19.391318
-14.525085  -6.999459
  7.643733   7.399357
  8.448104   8.254745
  9.349723  -9.653466
-16.026935 -17.473408
 -6.618643 -10.500279
 16.165771  19.670882
 17.397149  18.501510
  3.889990   9.830377
-17.997730  -9.755187
  4.738452  -7.820709
 -4.170006  -5.112312
 18.535089   2.358591
  3.187282  -9.492451
  0.148370  17.040947
 14.964711 -14.575986
 -7.234231   1.204783
-14.184889 -15.173055
-18.051178 -14.736289
 14.718511  13.258240
  9.813805  16.878987
 -8.596150  14.926681
  4.472090  10.357931
 -9.355186  -7.404791
 15.549804  -7.304500
 19.584777  10.441546
-13.809916  13.980133
  6.233811  11.809519
-17.692401 -13.914616
-10.697522 -18.379855
 -9.495131   8.156129
 -2.517377  19.609989
 16.917371 -18.184648
 -5.681803   8.277554
 -0.586099  -0.277653
 13.695199  14.528420
-14.903292 -16.094316
 14.579655 -12.646063
-13.135518   0.346015
 -8.997454  15.479423
  3.392825   3.308477
 18.676443   1.030210
  2.803197  -3.309808
-16.757316  10.622836
  7.005577  15.339761
-18.771898   7.179969
  7.153321  -4.190876
  3.577405  17.868306
 13.344297 -13.710491
-16.589896  13.095689
  6.317757  -1.819402
 18.025981   3.730489
-19.570108  18.602912
  6.184441  17.855480
 -6.933347   9.169191
  9.279055  18.113150
  2.738674 -11.429872
-17.872183   5.688304
 -7.002434 -17.600813
-16.999326  17.895247
 -4.696919  -4.005204
-12.750772  18.415953
 14.474414 -16.268143
 13.952895 -13.347549
 11.067905  -8.516539
 10.001319   6.100946
-15.024161  -0.362534
 -2.678607  12.131587
 -7.519988   7.324493
-14.601048   6.554604
 13.149294   0.501068
 -0.410928  15.262356
 -0.932988   2.497060
 -3.046405  10.157029
 12.315377   4.509164
 -2.609405  -2.929723
-18.198652  -6.266904
 -1.444415 -10.920484
  7.374967 -13.659240
 -0.185239   5.130559
  0.977240  -8.288160
 -2.480721  16.125425
 -0.886590 -13.915181
-14.739526  15.954983
 13.524903   0.914445
 -8.098927 -17.909960
-16.769312 -18.014242
-15.537766  -2.973425
-16.058419   6.369868
  2.711737  -9.766139
 -9.707536 -16.561925
  0.136405 -15.288155
  6.398502 -12.689733
-12.584558  -4.238889
-16.501694  14.919512
 -8.013158   3.453452
 -1.782073   6.742291
  4.902892  -9.303054
 18.482097  14.705255
-12.387207 -12.470539
  9.782361   4.120494
 14.715985 -15.589306
  1.361290 -19.568456
-15.179541 -12.999280
 -0.906053   7.595527
 14.603709  18.445831
  4.034743  -0.525789
  4.692575  18.767307
 -5.515140   6.882604
  7.535617  -4.158109
 -7.814796 -14.846456
-19.250514 -15.368265
-19.170944  18.632606
 14.216876 -11.514513
  5.885480   5.929697
 -2.542776   4.991942
 11.484457 -12.239788
 -7.883652  -1.448348
 -1.030032 -18.936054
-13.222222 -13.764079
  8.022885  18.369128
 -1.129028  14.247939
  3.374960 -11.826999
  2.749446  13.220006
-17.783482 -19.488178
  5.164231   8.438475
 18.987683  13.805204
  9.388301   3.795246
  2.150459  -8.285329
 -0.495138  -0.550402
  3.605155   4.415214
  7.075250  12.540894
 -0.479101   8.485897
  1.121029  -3.088620
 -7.292334 -17.284981
 15.557937  -3.281357
 -1.055816  -0.206364
 17.382993  -6.068141
  7.821572 -18.976046
 -8.394773 -12.188829
 -6.183643 -10.608717
-11.099787  16.199178
 -6.369541   4.043165
 13.561699   6.215542
-14.606121  -8.181596
  8.370853  18.208213
 13.189998   6.855049
  9.289551  11.720517
 11.870300  13.643439
  4.824958  -8.614694
  9.870470   6.615436
-14.687776 -11.900425
  4.187661 -15.804212
 -3.327019  19.553183
 -7.775385 -11.506456
-17.936846 -19.082028
 15.083882  -5.661063
-13.519224  12.986768
 15.620516 -18.533988
-17.278843  -2.747430
  4.655492 -15.020754
-10.925813  -9.590243
 -6.323161  -5.732457
-17.951616  14.957460
 -9.207347 -13.813336
  7.529369   0.609343
  6.711641   8.173635
