4096
 24.000000   0.000000
 23.952641   1.506972
 23.810753   3.007998
 23.574894   4.497152
 23.245996   5.968557
 22.825356   7.416408
 22.314636   8.834989
 21.715849  10.218703
 21.031360  11.562088
 20.263870  12.859843
 19.416408  14.106846
 18.492318  15.298176
 17.495247  16.429131
 16.429131  17.495247
 15.298176  18.492318
 14.106846  19.416408
 12.859843  20.263870
 11.562088  21.031360
 10.218703  21.715849
  8.834989  22.314636
  7.416408  22.825356
  5.968557  23.245996
  4.497152  23.574894
  3.007998  23.810753
  1.506972  23.952641
  0.000000  24.000000
 -1.506972  23.952641
 -3.007998  23.810753
 -4.497152  23.574894
 -5.968557  23.245996
 -7.416408  22.825356
 -8.834989  22.314636
-10.218703  21.715849
-11.562088  21.031360
-12.859843  20.263870
-14.106846  19.416408
-15.298176  18.492318
-16.429131  17.495247
-17.495247  16.429131
-18.492318  15.298176
-19.416408  14.106846
-20.263870  12.859843
-21.031360  11.562088
-21.715849  10.218703
-22.314636   8.834989
-22.825356   7.416408
-23.245996   5.968557
-23.574894   4.497152
-23.810753   3.007998
-23.952641   1.506972
-24.000000   0.000000
-23.952641  -1.506972
-23.810753  -3.007998
-23.574894  -4.497152
-23.245996  -5.968557
-22.825356  -7.416408
-22.314636  -8.834989
-21.715849 -10.218703
-21.031360 -11.562088
-20.263870 -12.859843
-19.416408 -14.106846
-18.492318 -15.298176
-17.495247 -16.429131
-16.429131 -17.495247
-15.298176 -18.492318
-14.106846 -19.416408
-12.859843 -20.263870
-11.562088 -21.031360
-10.218703 -21.715849
 -8.834989 -22.314636
 -7.416408 -22.825356
 -5.968557 -23.245996
 -4.497152 -23.574894
 -3.007998 -23.810753
 -1.506972 -23.952641
 -0.000000 -24.000000
  1.506972 -23.952641
  3.007998 -23.810753
  4.497152 -23.574894
  5.968557 -23.245996
  7.416408 -22.825356
  8.834989 -22.314636
 10.218703 -21.715849
 11.562088 -21.031360
 12.859843 -20.263870
 14.106846 -19.416408
 15.298176 -18.492318
 16.429131 -17.495247
 17.495247 -16.429131
 18.492318 -15.298176
 19.416408 -14.106846
 20.263870 -12.859843
 21.031360 -11.562088
 21.715849 -10.218703
 22.314636  -8.834989
 22.825356  -7.416408
 23.245996  -5.968557
 23.574894  -4.497152
 23.810753  -3.007998
 23.952641  -1.506972
-24.000000   0.000000
  0.000000 -24.000000
-23.040000   0.000000
  0.000000 -23.040000
-22.080000   0.000000
  0.000000 -22.080000
-21.120000   0.000000
  0.000000 -21.120000
-20.160000   0.000000
  0.000000 -20.160000
-19.200000   0.000000
  0.000000 -19.200000
-18.240000   0.000000
  0.000000 -18.240000
-17.280000   0.000000
  0.000000 -17.280000
-16.320000   0.000000
  0.000000 -16.320000
-15.360000   0.000000
  0.000000 -15.360000
-14.400000   0.000000
  0.000000 -14.400000
-13.440000   0.000000
  0.000000 -13.440000
-12.480000   0.000000
  0.000000 -12.480000
-11.520000   0.000000
  0.000000 -11.520000
-10.560000   0.000000
  0.000000 -10.560000
 -9.600000   0.000000
  0.000000  -9.600000
 -8.640000   0.000000
  0.000000  -8.640000
 -7.680000   0.000000
  0.000000  -7.680000
 -6.720000   0.000000
  0.000000  -6.720000
 -5.760000   0.000000
  0.000000  -5.760000
 -4.800000   0.000000
  0.000000  -4.800000
 -3.840000   0.000000
  0.000000  -3.840000
 -2.880000   0.000000
  0.000000  -2.880000
 -1.920000   0.000000
  0.000000  -1.920000
 -0.960000   0.000000
  0.000000  -0.960000
  0.000000   0.000000
  0.000000   0.000000
  0.960000   0.000000
  0.000000   0.960000
  1.920000   0.000000
  0.000000   1.920000
  2.880000   0.000000
  0.000000   2.880000
  3.840000   0.000000
  0.000000   3.840000
  4.800000   0.000000
  0.000000   4.800000
  5.760000   0.000000
  0.000000   5.760000
  6.720000   0.000000
  0.000000   6.720000
  7.680000   0.000000
  0.000000   7.680000
  8.640000   0.000000
  0.000000   8.640000
  9.600000   0.000000
  0.000000   9.600000
 10.560000   0.000000
  0.000000  10.560000
 11.520000   0.000000
  0.000000  11.520000
 12.480000   0.000000
  0.000000  12.480000
 13.440000   0.000000
  0.000000  13.440000
 14.400000   0.000000
  0.000000  14.400000
 15.360000   0.000000
  0.000000  15.360000
 16.320000   0.000000
  0.000000  16.320000
 17.280000   0.000000
  0.000000  17.280000
 18.240000   0.000000
  0.000000  18.240000
 19.200000   0.000000
  0.000000  19.200000
 20.160000   0.000000
  0.000000  20.160000
 21.120000   0.000000
  0.000000  21.120000
 22.080000   0.000000
  0.000000  22.080000
 23.040000   0.000000
  0.000000  23.040000
 18.430507  -2.685886
 -1.851740  14.756989
-16.807787 -17.025472
  4.776734  12.189150
 19.326967  13.979962
-19.786920 -17.046241
  5.612808  16.021561
 17.754585 -14.816194
 -8.980287  -2.526426
  0.254734  10.046242
-17.310489   6.354416
 -7.144955 -15.648230
 15.059308  -2.630514
 -3.639607  11.622233
-11.002346  13.355073
 -6.854973   0.216982
-17.917897  -5.510749
 11.009313  -6.020205
  7.127795 -15.050396
 10.951510  -3.381601
-11.742537  13.036407
 -3.740713  -3.917837
 -1.781868  15.223269
 12.727037  -5.971347
-20.314242 -15.310758
-21.170216  13.229865
 19.165371 -17.937581
 -8.000442  20.820021
-14.501174 -18.944568
 11.197111   6.919611
  6.111321  17.388481
-19.102615   5.685447
  9.217563   6.927622
  0.854425  -8.824705
 -4.233478   7.813612
  2.315970  -8.453245
 10.484532  17.678773
-21.258624  -9.513472
  1.200603  18.163466
  8.652747  -2.324633
-12.738230   1.919173
 12.456356   6.568002
  8.530746  16.747556
 12.163526  -4.125354
-13.076823  -8.573843
-20.002889  -7.149906
  9.724263  10.370256
-16.156556  21.251115
 -9.334316 -17.590195
  2.237149   0.921709
 11.104401 -14.686819
-20.395099  12.813064
  3.996156 -11.174122
 11.843616   9.785199
 21.036443 -16.828910
-19.010344  -5.487313
  5.485948  -6.286751
-19.537940   6.521577
-16.210808  -8.728080
 10.232296  -2.024043
 20.863464  13.192743
 21.124803   2.833800
 17.035440   5.518556
  1.438070   4.127713
 -6.465436  -9.308067
 12.302896   9.281713
  7.449140   9.259962
  0.849599 -10.902240
 -7.437011   3.558343
 13.946806  -5.993243
-17.366926   9.142866
 14.188506 -18.059883
-18.913233  16.783602
 -1.025867  -2.325711
 -5.646490   1.134242
  3.811945   0.818424
 -4.545397 -10.208432
 -0.050660  -3.308161
 -2.588546  18.620738
 -0.451826  20.445371
 13.988671 -15.364245
-16.108244   9.121705
-16.010560   8.835466
 15.693336 -16.499888
-12.413842  -1.151040
 10.648640  19.183805
 -5.644855  19.518700
  4.389129  -3.947622
-16.378570   3.100237
-19.859811 -14.977245
 -5.552610  21.212068
 -8.499164  -0.608017
 12.580000 -15.459560
  3.871767 -19.498275
 17.031727  16.807271
-12.286881  13.786203
 -0.484114 -16.315434
 -6.538366  16.002426
 -3.560753   3.156153
  2.841004  17.292411
 12.154292  -1.070170
  9.505447   4.566659
 11.316293   0.205799
 -1.687558  -2.163050
 -2.199971  15.826128
 -7.550656  12.951862
  7.106500  -3.904056
-11.542077  -4.518844
  1.770960  19.789034
 16.849865  10.191433
  6.303594  15.809194
  8.951413   3.110175
 12.794059   8.959630
  2.637116 -16.252634
  2.564042 -13.287165
  5.128015   3.320161
-19.315827   3.034557
-13.418098  -1.043898
 17.144537 -16.403767
 18.843054 -13.835085
-20.780341  12.387904
-11.003615   8.882685
 16.746732  -2.409287
 13.258988   4.616128
 -4.242332 -19.656707
 15.637291 -20.595028
 -2.720847  -3.674747
 15.536811  -7.889079
-10.489919 -16.647352
-17.308787 -14.335661
-15.377720 -10.560045
-17.728046  -8.346490
 -4.005658 -14.290947
  4.945339  -7.547442
-20.426204 -19.072723
 -4.754604  -7.774209
 -3.766055  -7.593791
 -5.377832  14.158428
-16.374257 -12.849431
 10.892178   3.716456
 -0.303288  10.903247
 -4.965897 -16.628485
-18.980699  -1.519623
 -4.014297  -0.683791
 -3.996268 -11.502412
 16.681935  -9.972299
 20.022107   7.564209
-10.959145   2.363362
 12.321253  -8.440725
 -4.028576 -17.975159
  5.866517 -12.810662
 20.213777  -5.473214
 20.965337  12.183422
  1.621539  -3.293894
 17.776486  -2.084746
-21.556754  -1.527031
 14.228861  -9.104424
 20.393934 -21.576545
 18.727494  -0.769554
  4.227887  14.665870
 -5.177368  -6.418746
  5.711340   3.678876
  0.446188 -19.635060
 10.332703   2.725124
 -8.612423  -4.522828
-16.287395 -15.567108
  2.439896  -9.527402
 -2.939223   4.771237
 19.760422  -7.849270
  7.866763  -6.798157
-10.309225  10.916381
 -2.042579 -10.975898
 20.866548  -6.841592
 -1.736668   4.298990
-20.914217   8.287707
  6.326350 -21.511547
 -1.013949  17.342424
  7.460917  -3.751357
 17.075585   8.782546
 11.338498   1.647279
 12.411586   6.441002
-18.251001 -20.263067
 14.346023   7.413685
  7.441023  -6.350628
 13.512150  14.146567
 -6.135880 -13.945537
 11.576124   8.511702
-21.235765  -1.611683
 18.845907  -2.394245
-12.030303 -20.745432
 -9.454990  18.204423
 -6.142132 -17.713446
  4.900725  -8.502687
  9.409372 -11.480057
 -0.267465  -5.918435
 -9.471325  17.474728
  8.941018 -12.567471
-13.129050  13.872534
 -4.489077  15.980381
  2.985216  -0.258711
  2.237120   6.905020
  2.838544   7.878972
  2.814058 -18.776421
-16.059756 -18.789869
-10.384222   3.019822
-11.751904   0.997054
 12.193317 -13.312013
  7.688681  21.252298
  8.336987   1.423074
-10.673810   2.597010
 -1.990391  18.916864
  6.089744  19.140806
-19.359527  18.954403
 -2.913919  21.388600
 -9.761662   7.783494
 -1.443453  -5.984416
 11.189738  16.580265
-11.899517  -9.593293
 -3.453319  -2.209183
-21.377119 -13.192928
-18.065855   3.102607
-20.503932  10.257589
 20.653730  -3.290965
-18.384176 -10.800684
-14.494396  -8.173187
  5.442970 -17.421433
 -0.865451  13.308152
  3.997329   5.456035
 -7.158130 -10.782311
-16.941284 -11.302882
 -6.877355 -19.248500
 -7.188979  12.705600
 19.161255  11.912377
  5.165275  11.409058
  5.415066   3.409969
-17.904901 -18.978324
-20.159553  -8.066328
 15.020301 -18.790781
-16.090454  18.105802
 -2.509125  -8.576450
  5.451201 -18.757861
  7.670785   2.559948
 -8.859596  -5.121123
-17.460133  10.884817
-11.529562   4.301677
  6.900078 -21.141797
 -5.014655  12.751114
 16.413329   5.150760
 -6.928568  18.903666
 12.222539  -1.983884
 -7.422034 -13.284807
-17.163807   4.111565
-18.682079  12.502790
-13.235852   3.162764
  5.934113 -10.528440
 -3.412497   9.703715
 -2.392230 -11.095813
 12.831505 -18.986781
 -8.135992  -2.771361
 19.860826  10.988941
 -8.156668  16.641587
 11.901413 -15.231928
 -8.265265  -6.786706
 -5.666544 -21.250864
  3.734204   7.702576
-19.123878   0.307060
 14.479557  15.495935
 -3.366959 -13.158412
-12.943934  17.647209
 12.323396  -6.844957
  7.251558   8.414564
 20.819085   4.309732
 -7.294517   3.387344
 20.004403   5.015656
 -3.512364 -14.589505
 -1.974150  12.493068
-19.777299 -12.121666
-21.440286 -11.965316
-11.652163   5.353345
-11.274377  10.134123
 19.551811  -7.278547
 10.371516 -12.730333
-13.640637  21.162731
 -5.926299 -18.414814
-20.303240 -16.623823
 -9.047107 -13.201771
  3.701652  11.471014
-19.703312 -20.317583
-13.053960 -14.076866
 16.648512   9.453744
 -6.919884   2.354614
-13.887010 -20.671544
 14.812477  17.740035
-20.693070   7.665943
 -5.230537  12.416288
-16.806139  18.840129
 -8.420873 -11.225523
 13.369872   6.951256
 19.058188  20.610800
 21.500420  16.487876
 16.346355 -18.775691
-15.360527  18.323516
 12.739599 -13.319368
 -5.261953  -5.432171
  4.300524  20.605603
-11.035456 -19.604368
  5.012410 -13.430787
  1.532232  12.510193
 -7.444198 -19.299212
 12.770435  16.107184
 15.184914  20.234202
 16.668041 -12.560937
-18.083187  -1.267173
  7.063295 -18.797485
  0.372116  10.856507
  6.267092   0.395648
 -0.061008  -1.543654
 -7.697241  -5.448439
  8.402818   9.316075
 -0.224985 -10.007908
 -4.279130  18.195202
  3.628049 -20.018686
-12.116465 -12.830379
 15.688869  -4.497121
 -8.380842  16.792226
  3.083201  18.813553
 -5.438562   2.183845
-15.796930 -17.969984
 -2.397370  -6.411962
  3.627168  -1.501066
  5.232635  -3.192379
 -1.401797  -3.933240
 13.154593  -7.904718
 -5.081576 -13.842760
-11.500255   6.279330
 -6.087185 -18.039520
 14.800466   0.552571
  6.205870  12.349726
 18.429376 -17.348726
-18.517737 -19.946244
-12.946755 -13.104879
 -7.376776  -8.522687
 13.632398   7.928899
 -9.743131   8.883762
 21.513414  21.531100
 10.902961  10.360267
 17.814925 -21.231336
 -8.662717  13.923743
 12.231141  -4.155359
 -4.071233   3.454003
  6.709328  -1.209427
  0.546349  11.282135
-15.151055  -4.427772
-11.796784  10.762722
 -1.104268   0.683655
 12.354105  11.129240
  9.612447  -1.667471
 12.610723  -8.075167
-13.485029  11.669662
  8.551063 -12.545939
 -2.161212   2.524903
 -5.412953   3.348365
-16.055468  19.152893
-21.181774  13.409340
 14.441712  -6.919679
 -3.492836   8.024953
 -4.174471  12.037395
  1.624493  -7.513365
-20.596039  12.327457
 18.236629 -14.960538
 19.553942  -7.333177
  5.609058   4.449720
  4.658570  15.852013
 20.743435 -12.778360
 -4.724518   1.489993
-13.463769 -16.906823
  3.003049  -2.093674
 17.052932 -17.571967
-17.093671   2.285573
-20.215045   8.165861
 -0.491904 -13.534901
-18.597987  20.001365
 -9.339079 -11.532697
  6.893419 -18.576889
-19.118023   0.800569
-14.177129  15.539357
 -3.850795 -14.816068
-16.815861   1.574770
 -0.939551 -18.629439
 19.660180  15.798218
-15.986925 -12.714753
 -2.928931   9.057814
 -1.089503   4.480248
 18.971464   3.779652
  0.106921   7.984912
 -9.700950 -21.278449
-15.435706 -18.836494
 -4.352965  13.286844
  1.117001  17.725070
 16.383142  -1.719163
  3.288935  10.250959
 -9.162211  16.458944
 -1.887554   8.653675
  9.143191  -8.750215
  4.882789  13.391342
-14.034544 -10.837376
 17.278472  10.076139
 -1.821824  17.747990
-13.675205   2.964179
 -4.598583  19.253694
-11.245165  16.007310
 -9.772865   5.533194
 -8.990370  17.984002
  8.555500   9.608086
-12.214590  -0.281337
 21.271236   2.281992
 21.397668 -18.293747
-17.054299  11.514488
 -7.516233  -2.119566
-10.680482   0.261990
 -1.634365 -18.437955
  8.401783  10.788601
 -5.134079  10.625361
 15.369400  -4.463669
-21.136146 -16.645707
 18.020317  -7.468832
 10.742804  -0.658401
-18.652154   2.092113
-11.132916  19.440796
-15.540951  13.842433
 14.755501 -14.230551
-20.819543 -17.257747
 -8.892951   1.497046
 -4.715302 -18.248315
 11.387047   7.662952
-14.968952  -6.130642
-12.239751 -20.111983
  7.561906 -12.261607
  8.499270  14.536849
 13.457311   6.091727
  9.348931  17.150827
 -4.725286  -8.280392
-19.335661 -21.398440
 11.768099  11.539335
 18.525048  -5.415349
-11.295058 -17.652106
 -3.383306  21.137355
 -7.036561 -13.299041
  7.298616 -12.071469
 16.514758  12.827124
 14.275469 -14.347459
-14.383559  -3.642624
-16.948059  -7.467489
  2.680738 -13.411546
-12.652446   1.801555
 18.961483 -16.381269
-12.364705  -6.195903
-14.099549  -4.227574
 -7.938422  -4.787136
 -1.780880 -18.748097
 13.611667   6.477624
 -5.660066 -18.691289
-12.158171  -8.573720
  4.271145  20.870028
-17.201653   1.563042
 21.190952  15.140089
-14.192966  19.830299
  4.314261  20.797167
  8.480824   7.685303
 20.406248   8.368736
 -7.255589   5.847269
 16.587376  -7.863827
 15.187142  -0.771968
 -7.123455   4.688640
  3.673595  -5.081556
  6.073572 -11.559219
  3.778641  21.098053
-11.551425   5.026263
 17.140871  -8.257739
 10.277854  11.113016
  5.173901 -19.011326
 -5.420579  -8.786244
-15.047831 -12.770554
-19.962430  18.291275
  4.236848  19.261865
 10.335843  -7.400598
 -9.584938   6.203609
 11.253336   0.901708
 20.630916   6.395606
 -9.138739 -20.576448
 14.987585  -7.289124
-11.134844   1.698268
 17.566505   7.128260
-10.871796   8.093513
  9.482496   4.668330
 -5.119808  -7.705282
 -2.490010 -21.338957
 15.978243 -18.576651
-13.285493   5.804653
-15.485817 -12.777695
-17.635994   4.001644
 14.308742  18.654308
-11.391402 -18.223293
  9.719529  -8.144800
  9.576307 -11.019242
-13.977986 -10.844521
 -9.272755  -2.234684
  5.858083  -9.855614
 12.151682 -18.143310
 20.414385  -4.395839
-14.352507  -2.532554
  0.228638  10.148894
 11.246017  13.806885
 12.681732 -20.744161
 -5.122686  15.294623
 11.182680  18.210204
  4.111921 -14.999096
  9.791204 -10.484998
 -1.570267  -2.004346
 -5.393655   4.580295
-18.492207 -15.696446
 -1.328034 -14.915904
-13.408165 -21.045559
  0.030232   9.734920
 -0.369199  18.389854
 19.020311  20.325282
 -5.480140  -0.451392
  6.093305   3.814949
 -3.940376 -19.922678
 18.213260  -4.975516
  2.834291 -13.209342
 -2.751929 -10.572836
 17.845315   9.600997
  0.415081  -0.491536
  8.142742   8.486874
  6.519154  18.425610
 10.180694 -11.130356
-20.109273  13.527061
  5.657157   7.621586
  8.530765   6.278409
-10.310514  -1.923663
  7.822072 -10.614757
  4.412851  19.516820
 14.753487 -21.067025
 11.705998   6.237967
 18.009339  -4.420789
  3.722131  17.323012
  0.800800 -13.442836
 -3.328782  14.245181
-10.675963  -8.544115
 20.203924   6.846598
 -5.063532  -8.295313
 -3.818492  16.260500
  9.834570 -17.760667
  5.882987  11.953056
 -6.722231 -15.434778
 10.745139  18.576729
 -4.407687  -8.290065
 21.039501  13.668021
-21.531805 -18.582847
  8.480882   1.078358
  6.675315  10.067425
-14.228600  -5.415060
  8.814839 -13.045513
-13.738277  19.374479
 -2.131454  13.580804
-13.580437 -19.051975
-13.706090  11.195914
-10.395997  17.378206
 -3.940168   5.479375
  5.375007  15.913238
-14.423351  -8.936975
 -5.282127  -9.643873
 -6.819037   3.699924
 -0.954844   7.465158
-17.245045 -18.962361
 10.877704 -21.287808
  3.561643  21.065134
-17.416432   0.964852
-21.286283   4.448946
 21.033944  11.290924
 18.667946  -1.156387
 -7.040305  -3.047604
 -5.582083  16.854575
 21.576030  13.687799
 19.050813   7.131382
 -5.251578 -19.127165
 -6.219537  -7.332973
-17.272338  -1.861088
  8.566917   9.729512
 16.760328 -15.601117
  4.402476  15.941028
 -9.527003   8.608232
 13.610236  -5.683829
  5.112793   6.863448
 -1.071385  -3.752931
-13.481211  21.003037
 19.766037  13.505143
-20.881571  -6.039118
-19.623415  13.286497
 -7.537311  -2.405974
  4.612162  -4.312864
  4.863989 -18.084849
 -3.114017  18.640086
 18.612483  21.032847
 15.426720  17.504759
 10.120798  -8.905120
-13.172676 -15.415426
  0.866351   3.105761
 15.413873   0.200302
-16.076389  12.822657
 -8.581753   7.476285
  2.105856  16.190746
-14.340117  -2.320415
-16.602683   7.026139
-11.193050 -12.457117
 10.940509   6.900988
-17.736546  -2.812605
  9.321055 -14.677836
 18.531390  17.394416
 11.504541 -12.079755
-10.470447  -1.023740
 17.172470 -16.282162
-15.735322   1.492271
  9.737902 -17.692916
  8.285092  16.067834
 18.652894  11.505775
  4.349351   6.220219
 -5.313154   9.393526
 10.195307  -5.112698
  6.138815   2.674078
 15.385292  13.324931
-11.942604 -16.602194
-17.812209 -17.749177
 10.393109  18.887500
 10.567487 -16.584211
 -5.713760  15.263869
 19.615764   3.322808
-21.527489 -18.926571
  1.538051  14.995523
 20.729498  -7.791423
 -5.830970   7.745854
 12.811621   0.853260
  4.389882 -12.003485
 -4.522505   1.654255
 -1.701960 -15.348926
 19.132844  14.567759
 -0.007229  -1.910108
  4.383306 -15.298386
  7.143150  13.015804
  8.768166   4.271629
 -8.255890  21.182477
-16.266355  21.463860
  8.921762  -0.938185
 14.199292  -0.214897
  8.818869  -5.326187
 20.785369  -7.208156
 14.164619 -12.501515
 10.050830  13.410086
  8.657600 -19.329136
 15.786658 -13.866326
 -0.539799  -4.673900
 20.925628   6.879613
 15.055988  21.213931
  2.071134  -7.023882
  7.685223  21.181578
 11.133253  -4.706074
  1.202880  -9.372678
  8.483457 -13.172018
 15.390096  -4.589030
-15.945090  10.897912
  3.472575  13.179101
 15.111780   9.054181
 -1.834596 -14.528399
-15.657367   8.465279
 -9.025276 -15.343651
-12.176504  10.730125
 10.165776 -21.205475
  9.761365   3.269467
  7.703329  21.102517
-15.223444  19.457200
 -3.148802  14.759716
 18.402567 -17.450738
 20.483658 -13.839860
-19.333205  20.747956
  6.484225   4.034551
 20.292205   5.485214
 -4.147459 -20.131510
-11.195046  -0.491361
  8.120913  19.636792
  6.600829  -5.383945
  8.285538  12.758049
  6.848014  11.997971
 15.763498   6.493432
 -9.710667   6.618044
 -5.731644 -16.415983
-18.030082  -0.465763
  7.291823   0.421135
-20.605244   3.152818
  3.137640  -9.775088
 10.599522  12.715648
-13.776627  -0.682928
  6.246575  -2.866040
  3.085478 -17.304138
-18.856873  17.663639
 12.753713 -13.612759
 13.515895 -20.746956
  2.421799   1.573205
 13.486878  -0.494067
  0.816528   3.659971
  9.233962  12.530924
-16.239341  10.929090
 20.117421  17.176419
-13.795308   4.281233
-13.826698   2.363980
 12.982160 -16.284443
-16.035149 -12.690868
-14.635717   2.699836
 15.182645 -20.087772
 20.732908   0.265607
 -5.894224   1.919253
 -3.324183  19.233871
-21.596304  -8.614081
 19.276471   0.839941
 12.217039   6.875607
 -2.379444   3.329487
  8.428385   0.979182
 20.996043  -6.388540
  1.650650 -12.534933
-17.322806  13.813774
-11.357265 -13.475218
 -8.652561  14.369521
 19.760670   4.412638
-12.267073  -6.088385
-16.049141   5.283910
-18.387663 -10.585410
 -5.107004  17.438109
 -4.317435 -18.003424
-10.619450  -3.225167
  8.403064   1.551067
-18.551892  10.051556
 21.399520   8.501887
-13.278495  -5.523454
  6.796140  13.845955
  4.533611  -3.469544
-14.969171  21.273796
 -2.867308 -20.480694
  4.475833 -18.250937
-16.216363 -16.848426
  2.089532 -18.750556
  6.055668  -5.926198
 -7.192051  -9.795470
 15.934552 -11.846932
-21.173904  -5.306862
 20.251015  -5.243082
-17.063882  18.387469
-14.008405   9.863744
 -8.357059  13.882028
 -0.448476   1.251077
  8.659679  15.785209
  2.226624   4.642572
 17.131835 -14.223712
 19.289245  -4.770864
 -6.688531  10.424036
 20.217612   1.368668
  4.087453  15.104017
 -0.999567 -16.088881
-21.189709   0.586026
-14.882777 -16.140887
 -5.235811  10.170247
-19.316248   9.738113
 20.498393   8.964104
-10.838378   4.695969
  8.933188 -13.689884
 21.005839  12.893856
  0.096303  -9.684448
 -3.120548  19.080447
 16.475949  13.565804
 -8.415903  15.462208
 19.330041  -4.038561
 -8.089765 -17.705926
-18.166686   9.933971
 19.218252 -14.467113
-19.119822  10.515289
  2.339702  -0.308857
 16.172048  19.965586
 -3.283907   0.375078
  9.970446  -0.878863
  0.648496  21.511631
 16.765079   8.548500
 -4.083633   5.023581
 17.750293  10.623626
  9.251715   8.751962
 10.785656 -11.049426
 10.324072  19.477514
 13.969299  16.430338
  1.214413   4.717164
  4.638537  20.072767
  7.539358  16.499400
  1.015909 -11.877037
-18.354713  14.662466
  0.591170  19.547292
 -3.338398  -5.223106
 -5.474144 -16.708312
 17.886752 -10.810142
  1.689968  11.509081
-16.508215  -8.675511
 -8.918854 -12.395551
 10.282711   2.973972
-12.205590  -8.431785
 18.710414   6.176461
 14.071423 -20.069462
 -1.595938   5.086743
 -0.506889  -6.231856
  4.990907  -7.406562
 -6.311833 -21.377329
 16.856479 -13.557987
 -6.284204 -17.222208
 -0.343608 -17.939069
  0.618564 -14.959699
-16.249998  -0.543795
-14.876767   6.766565
-11.832686  -4.520499
 -8.670890  -3.095649
-13.729736  13.458694
-16.904376  -2.653687
 14.660242 -14.608758
 -6.318528  -2.852921
 -6.080973  16.006208
-13.026329 -13.410703
-19.860928  -4.555613
 10.537516  17.323105
-14.674500 -13.003549
 -0.894457   7.138493
-10.117456  -3.408682
  2.165343  12.952228
  9.258665  -7.564851
 11.421765  16.492314
  0.080291  18.297846
 14.820318  -4.801745
-16.859544 -16.939602
-20.686225 -14.880586
  0.000040  11.551030
-11.382987   7.703006
 -6.819509  20.582144
 10.257043  -2.837008
 -9.095042  -0.607857
 11.270876 -10.897317
-15.012185   0.485561
-10.823035  11.522633
 15.732006  21.351905
-10.914291  13.850327
-13.028582   8.919111
 13.389947   8.689462
  0.100826 -13.772668
 21.278232   3.939676
  5.809415 -11.690603
-15.884821 -19.942570
 21.185228  18.537048
 -3.183711   5.031390
-17.671589 -19.398728
 -4.004761  -8.361535
  5.758991 -11.602326
 -7.077117  -0.898766
  0.426112   6.215320
 -8.454672  -9.968569
 -9.479983  -6.435741
 -3.539195  -7.782874
-19.545564 -19.833590
-19.347956  10.573403
-12.442570  -1.207087
 17.646421 -17.247095
-13.614912  19.367778
 -5.893290  -8.451791
-17.414472 -21.009820
  2.236387  15.637288
 -7.291653  10.423819
 -5.988170  12.044519
  1.246841  -5.547213
  6.490728 -12.526561
 -5.009068  16.726772
-15.963030  10.479777
-16.400692   3.739455
 17.806039   6.668143
-13.373268   8.841314
 18.381628 -18.365201
  2.012214  -6.786808
  9.735148  21.152647
-12.873638   9.537241
-19.707360 -13.318269
  2.181413 -10.690898
 16.289655  15.268534
 17.574401  20.525450
 17.060243  -2.225568
  9.388478  17.748685
-18.674993  -3.499020
 18.633557   0.167159
-20.655004   4.283438
  8.497709 -16.030041
-19.636766   2.858750
 12.717664   8.372304
 10.398897  -4.428267
  7.978793  15.995047
 20.370460 -14.449613
 10.831441  -5.004702
 12.068878  -4.283325
 -9.871451 -13.648334
-14.687868 -12.190706
  8.498379  16.379497
 12.555945  -1.924949
  8.974974   1.083162
 -8.492681 -12.081471
  8.996603   2.252920
-14.208087 -19.629541
-11.309035 -19.911283
-15.200375  16.571627
 18.457112  -9.917214
 12.554841   6.152247
-10.842851  13.971324
  1.494501 -21.539522
 -6.589646   4.542892
 -5.654441 -18.003766
  8.875946   2.128683
  9.593838  -3.959587
  4.816024  -7.575762
-19.126220  13.647837
 13.993853 -12.127122
 20.097826 -13.965038
 20.373323   1.615192
 20.682535  12.017635
 12.118170 -17.001674
 10.617255  -5.098422
  6.645228  15.985114
  5.801999   2.197921
 13.687792 -12.068394
 -9.988121   3.527876
 13.294064  10.925181
-14.876288 -11.589560
  9.775561  -5.674752
 17.373664 -17.552546
-13.758615 -13.606789
 15.653614 -13.441251
 -0.409606   9.913536
  6.374777 -20.690756
-14.561914 -13.921880
 -4.570675   4.657914
-18.599582 -18.487497
-11.005034  17.674462
 20.320652 -17.269900
  1.156833   9.796232
 13.305286   4.462280
 -5.275794 -20.705072
 14.107489  11.380857
  6.241627 -19.710430
-10.871585 -17.988672
-15.438142   5.503005
-21.016934  20.146785
 19.769084 -17.006158
 10.200881  -6.981556
  8.962089 -12.859705
 -0.845621   2.715173
 -2.405108 -14.552160
 -7.268127 -14.925024
-19.186178   8.296180
  5.507389 -16.283138
 14.036756 -17.158379
 -8.780897   0.498632
 14.536082 -15.472727
 17.805613 -20.563162
 -3.147749 -15.233335
  6.711751 -11.841794
 16.372372  -4.979068
 16.598473  13.944306
-16.743945 -14.275049
-16.842140 -17.204994
 19.692680  -6.164299
  4.998100 -16.487238
 18.287407  18.138540
 17.089336   4.514676
-13.907472   1.316764
  4.303216   7.751519
-15.110494   7.226210
 -8.572445  13.718702
 -6.549738 -17.110545
 17.981324   6.986810
 18.700495  13.423079
  9.128449 -18.300838
-21.505877  18.709702
-15.178625   6.732898
 -7.764941  -4.726098
  9.562038  12.335591
 -0.931737 -18.692051
  3.362812  19.854086
 -9.569831 -17.692689
 21.374137 -13.743115
 -4.967248  -7.805558
 -3.290455   8.355780
 -3.717604  12.679269
 -7.194306  13.052488
  6.650822 -10.976769
 -3.513904  -0.125181
  1.458892   1.402895
 13.884661  -4.984103
  3.497642  -3.376479
  3.364262   8.359155
 10.725847   8.773631
-11.439659 -21.476184
 21.336709 -20.858919
  2.521777  19.769001
 18.183057 -19.026257
 -6.508187  15.066065
 15.844572  13.781252
 -8.869077 -15.373142
 15.263087  20.382607
 17.839609 -11.124112
 14.161902 -19.186603
-15.646983  19.960646
  8.811195  -5.293694
-20.461815  20.084250
 -5.543241   8.700556
  7.030684 -18.413123
 14.577287  16.004605
-20.295976  -5.821450
-18.187490 -18.270779
  2.988712  13.552326
-15.132216 -13.719261
 10.521703  10.718228
  8.577962  -8.661268
 -3.822229  -7.027042
 12.156346   8.434671
 -9.211576 -14.865667
 16.465989 -20.212455
 10.848943   0.142362
-21.130521  14.371780
  7.771833  16.242185
  2.339536  14.235188
 18.107290   0.080889
  9.044042  -3.297445
-14.826212  20.438885
  0.928845  20.646415
-16.194239 -12.447465
  5.142690 -12.143243
-13.664429  10.627016
  2.561513  14.762001
 13.675342  -1.363561
 -8.070207   6.129684
 14.137359 -14.479588
 13.104256   6.335159
-13.187639 -16.917082
-18.238669   4.457815
 14.973521 -20.388289
 -9.408661   1.795734
-18.778212   4.195185
 11.081726  -8.246011
  2.233067   5.978403
-20.201755  -9.971942
 20.591848   2.799222
  2.753539  12.537750
-19.626598  -8.010131
 19.159595 -21.233719
 -6.192757  -9.400226
 -4.400508 -13.181024
 10.879586   9.749727
 20.470352   8.754774
-17.393191  -4.005221
 10.430698 -17.236675
 13.283755 -15.111936
  3.765982  -5.092773
  3.730674  15.207571
 -9.066843 -15.053567
 -1.593811  16.640807
-17.569835   9.437589
 16.606169  13.282965
  6.662310  11.613271
-14.642768  20.030430
  0.704194   9.880732
  6.540260  18.585815
 -6.850859  12.327200
 -6.954305  -6.034333
 15.377150  -2.985058
 16.877373  11.844360
 -4.854199 -12.578948
  4.768728 -18.360074
-15.016259   5.520513
 -0.107014  13.164182
-15.438707  16.003763
  2.036277  20.258516
 12.158446 -17.834356
-17.534275  -8.047352
 18.751218 -14.624389
 -9.498932  -5.904219
-17.745297 -13.859154
 11.747830 -10.456815
 -1.155127 -10.539664
 16.271620   6.492618
-15.532679 -16.244659
  2.969285 -19.889598
 15.508941  -4.279426
 15.422441  18.020453
-16.027881  -5.757166
 14.896900  19.528342
 -5.456890   7.871079
  0.256713 -10.245855
 16.223175   7.886401
  5.210513   6.215045
 10.413039 -11.023915
 13.877354 -21.256865
 15.252183  -9.043462
-14.765509  -4.351086
-18.447321  -4.828766
 -1.629566 -17.560665
 -1.474088   6.155330
 17.285465  -1.518351
-17.892466  10.012815
 18.034287  18.251600
 11.586959 -12.982853
 -7.399268  -7.893294
 21.446132  -0.592055
  8.738964  -1.027319
 -9.574197 -19.946203
-14.871984  -1.297402
  6.057348  -7.767938
-20.246835   4.366544
 -5.171696  18.855058
 -5.983513  -3.019259
 -1.148704 -19.263851
 15.898490  19.554264
  7.934606  -9.942562
  5.861691 -17.988857
-18.608009  -4.101042
 -8.711850   9.167330
 16.039690   1.070407
  7.328638 -10.391880
 14.279721 -17.606538
 17.350923  -6.824773
 10.937205 -14.492162
 -6.511266  -3.494833
 -1.058425   8.157477
-14.658228   8.497012
 -6.277289   8.333342
 -4.789240 -21.170959
 12.228727   4.195957
-18.238664   7.255979
  5.033335  -7.614753
 21.011095  18.963463
 10.490530  10.226273
 -7.926539 -15.098129
 -1.785928 -15.228579
 15.737818 -16.692183
 20.302969  -4.044097
  0.893881 -21.441158
 -2.135853  14.364468
-16.169017  -2.189002
 20.280564 -17.390330
-12.155496  20.694182
 -3.448392   1.990925
-14.424436  -5.289556
 -6.562704  19.542681
 20.379363   3.319334
-20.979172  13.555268
-20.900537  17.135492
  0.090081  15.887152
  8.610501   6.432984
 -1.900909  -3.871290
 -6.384475   1.834575
  1.000936  11.451505
-16.701984 -14.004844
 -3.093828 -13.958129
  4.099326   1.847356
 -5.116464  14.907957
  8.145388  -2.700273
 -9.363671   5.200264
 18.365858  15.422282
 21.399691  13.216598
-17.115320   6.463782
  5.022448  -3.832719
 -0.155307  10.874596
 18.456289 -17.292870
 -2.414735   3.509291
-20.190145  -9.076127
 -3.428315 -11.971611
 -1.959989  -5.137351
-13.151798  -1.314393
-16.224168  20.201016
 17.886067  -3.761219
 13.842057   8.805670
 10.417812 -21.271458
 -5.415388 -11.925939
 -9.348289  16.399029
-10.173640  14.622516
 12.749971  -3.684246
-11.164848  17.288089
 -3.691152 -20.929101
-14.974185  -5.425672
 13.681743  13.825486
  4.317653  -7.124115
 19.835738  21.290218
-11.152896  20.454782
-13.277071   6.239564
 14.193356  13.017527
  3.363276 -16.032796
  5.887015  20.621763
-14.095414  17.460203
  0.746370  -2.704251
-17.298234  13.010629
  0.183904   5.678254
 12.280952  14.818927
  5.500154 -10.358059
  2.285518  19.383853
-12.797457 -17.570934
 -2.703411   5.568226
  4.030050 -20.398248
  8.967279  18.169678
-18.197028  -5.080111
 10.469072 -15.960326
 -1.999889   5.680877
 -6.129158 -11.244015
 17.189679  -8.772948
  1.530024 -11.005009
 12.097251  12.357282
 11.680916   6.879932
 -9.721520  18.790959
  5.505322   5.978300
  3.428118 -17.132289
 -1.765682   4.142640
-16.974289  -9.397597
 17.046927 -17.592028
 -0.248614  -5.987636
 14.615246  -4.717431
 -0.387203 -20.651459
-18.421518  19.838182
-18.303292   8.092933
 -5.389011  -8.053131
 17.638664  13.329319
-13.832362 -21.161939
-13.881150   2.907094
  4.607490 -20.241340
 20.559566  21.329550
 -0.695045   4.925016
  2.008056 -14.757627
 10.441303  18.428393
-13.269085 -20.323214
-20.604751   0.507372
-15.018652  15.848968
-16.641139 -12.227424
 -7.450284 -12.106320
  9.838536  19.001438
-10.040089  -0.795966
 19.579508  -6.542494
  2.224675  -8.885338
 10.592401  -0.181366
  0.546763  -4.322499
-13.260057 -14.128149
  8.080882  16.732003
 -9.457225  -4.629920
  3.613605  11.510591
 -8.139522  12.705100
 19.602522  -0.525667
 16.539437  -3.294548
 10.673824  13.646543
  5.309754   4.635172
 -3.053679   2.900536
 -5.444907   5.732574
-18.823698 -14.374841
-20.141568   0.490614
  3.752751  -8.921943
 14.112853   6.268232
 20.094275  -6.382656
-20.306594 -13.828137
 -7.660174  12.566723
 -6.145437 -18.461938
  6.780439  -5.531143
 12.075029 -16.316484
 -7.836949 -21.129076
 -7.392842  -1.495730
 12.754343  17.225740
  2.662873  -4.942474
  4.397843   1.177734
-17.153848  -9.588306
  4.661469  16.561157
 15.548226 -18.367595
 16.963086  -3.380394
 11.067892  -7.871762
 -7.770755 -13.084276
 13.077728  -0.058278
 21.179220  -3.402551
-16.239196 -14.206764
 -7.479010  -5.060555
  3.301077  -9.286405
  6.206397  15.383652
 21.079646  17.782984
 -9.315397  14.758972
 -4.198574  17.099835
 18.059090 -19.910005
  6.254309 -18.599582
-17.490824  13.068574
  9.644559  -9.734103
 10.959506  -4.305124
  2.438649  -8.070855
  4.852252  -4.608252
  8.486940  -1.962069
 15.062644  20.180989
-16.354961  -5.447257
  5.096606 -20.334751
-19.533561 -21.150892
-17.058138  -7.652489
  8.104273  -2.778518
-14.247729 -13.341901
 17.378344  -5.664404
 17.404441  21.149209
 18.753567  15.898242
-10.381492  12.309582
-16.813285  19.316658
-18.358178  -7.372988
  4.870827  13.499375
 -9.939799 -14.241371
-15.648624  -1.698029
-16.144328  15.633860
 10.931105  16.752891
 20.124127  -3.745703
 -2.299115 -16.313473
  1.191842   3.364620
  6.966820  20.578296
 -7.693429   9.973350
-11.844122 -10.203320
 -8.802683 -18.023287
  2.527858  16.108085
  6.889570  10.163590
-12.705499 -18.229677
 20.380257 -18.996469
-21.032866 -12.262948
 13.759694 -13.481967
-17.084100 -12.585825
  3.910598   1.194248
 15.485422  11.253080
 -8.129141  -1.986251
-14.947246   0.194893
 17.890211 -12.148495
 -5.890589  20.522794
 15.891500   0.581647
 12.096910 -13.480410
 -9.597380 -14.506719
 -8.331259  15.976716
  6.410144 -15.237083
 16.251677  10.585123
-11.207702  17.025036
-13.520314 -20.365074
  6.993454  -2.045912
-10.126999  18.443277
-17.968316  -2.960339
-15.093214   0.094625
  0.342439 -19.303614
 -9.824161 -17.374491
  6.420460  10.022470
 -3.344182  -8.898945
 -4.203701   4.062924
  1.277111  -0.275779
 -2.869977   7.826135
  6.322098  19.827578
-12.114154 -19.304448
-20.058280 -10.101100
-18.755393 -17.235418
-11.816711   5.193536
  9.323567  -4.669571
-17.223655  10.105533
 16.395595 -10.010868
-12.713528  12.343435
 -6.582250  -9.158722
  4.160739  10.103714
-17.528721   0.139975
  8.660357  -1.004040
 -8.409995  17.568048
-11.291638  -7.987140
-18.599560 -13.506721
 17.274350 -15.472786
-21.049855  -1.097250
 -7.168861 -13.931350
-10.202449 -18.274591
  7.741567  15.253474
  4.061023  20.284194
  3.592463  -0.505123
-10.907549 -16.874525
 13.777622   2.905923
 21.185846  14.487510
  1.091629 -14.372435
-15.267616 -17.543084
 -8.441182  10.203255
 -2.046974  10.144008
 21.159063 -10.482933
 -0.583489  -5.862701
-21.014162  -6.366540
  9.078789  16.907288
 11.859536  15.420506
 17.373607   4.136121
-16.728722   8.025876
  9.858911 -20.704582
 20.677137  15.390671
  6.884651 -15.481449
 -0.093648 -11.043311
 10.411737  20.446153
 -6.073059  10.556573
-13.226021  19.647982
  5.993298  20.107572
 16.292622   7.724226
 17.246364  -2.191564
 19.798825   1.162377
-10.138637   7.735667
 16.761380  -4.707667
 -3.572887  21.338368
 -8.237234 -19.824481
  0.867358  -6.770544
  4.854273  -2.874544
 -1.942804  20.224211
 12.629110  -9.140751
 20.281099  -0.046353
  8.014753  -1.455085
-15.110161  20.160207
  5.347950   7.098638
 -8.482510  -9.147170
 12.950715 -20.926408
-19.830826  -9.373653
  4.020694 -19.302050
 -8.388511  -3.010054
  6.922943 -21.572278
-10.738074  -6.470572
 -9.362929  15.509255
  7.142083  11.615848
-14.902401 -17.884650
 -9.907104  21.423496
-13.101376   3.681713
-18.112985 -12.145345
 -1.158720  -6.279887
 13.465833   5.920329
 -3.345266  20.170374
-17.360408 -10.313529
 -8.552621  -8.176213
  2.760809   7.729483
 -7.668868   3.376832
  7.919475 -12.981312
-15.738160   2.345059
 -8.594110 -17.902170
  2.879932   5.543373
  1.979885  -5.358271
 16.239808  -2.726230
-15.612053  -2.509862
 -8.067148  18.786808
  9.184255  -1.366033
 -3.124692  -3.434155
 -3.876827 -20.404529
  2.544873  19.763644
 -3.416316  11.052999
  4.977009  -8.536753
-11.117708   0.527334
-16.101726   1.869245
  2.832823  -8.927574
 11.030479  -4.637117
 -4.192900 -21.342837
 13.283180  16.196150
 -1.718463 -19.252243
-19.237273  14.251433
  6.474813  -7.193515
-17.392361  -9.047077
 -0.800587  -7.287512
-18.970642  10.388431
  7.534642  10.340500
-19.309524 -12.741216
-15.372638  10.386322
 -0.202839 -11.942917
  7.589409  15.217446
 -8.601457  -8.169516
 21.131653 -21.321325
 -0.649938   8.111867
-16.644577 -21.598457
  4.483757 -16.371313
-17.415491 -12.774514
 -1.134328  14.373783
 -2.427154 -19.195783
-16.337747  -4.123123
 20.852479  13.835705
 14.762339   2.018271
 13.896855   7.833043
 15.522360   5.061248
 -2.922320   5.883718
-13.616301  13.761364
  6.802504 -14.222499
 10.439916   2.016620
 -1.029957  -9.070437
  7.237535  19.832749
 -0.303949   7.244625
 -4.700626   8.538597
-16.963092  -3.590073
 -3.247216 -20.391668
 -1.854046   2.773832
-21.123951  -8.520700
  6.268708  16.987146
  5.178663 -19.758306
 17.584924  19.992810
 -1.386413   9.636420
 -9.637746  20.811759
 -6.145301  15.372270
  0.138483  -6.530368
  8.908903  -4.725029
-18.888519   6.735711
 -6.399345   9.469834
 -6.942625   9.295877
 12.385305  -9.575706
 11.344648  -8.513429
 -4.582279  17.978113
  6.269789  -5.334218
 -1.220300   6.867582
  3.284883  18.464209
 11.897194   1.098745
-16.008971  -7.599890
 19.664407  -6.562286
  5.074921  -4.156970
-19.659061  15.207747
-14.723438 -17.429453
-17.011277  18.758905
 -1.018958  11.228081
 20.793387  13.329597
 10.050353 -11.378138
 17.271114 -14.083288
 16.954827  11.051159
 -3.453574 -18.819220
  4.834237 -16.654733
 14.981840 -18.451511
 11.376804   4.602239
 14.717348  18.297397
 -7.725922   8.584951
 -5.286430  21.119221
  3.187281 -12.971473
-10.692218  -2.699358
 -9.240941 -12.908474
-14.597730  13.557790
 13.334640 -13.292821
  3.547063   5.577797
  7.286036 -12.807089
 13.392382  16.990172
 -6.066965  -3.973218
  2.012292 -18.491107
-13.594852   9.935011
 17.754703   6.144439
 -0.165220  14.359806
  3.039987  -1.134740
 -6.389019   5.118287
  2.535724 -15.643863
-18.698918  -3.131492
 -5.351693 -18.538519
-18.224188  12.199134
 -8.716594 -16.505532
-11.639225   4.384350
 -7.304265 -11.922283
 19.034677  18.242208
-10.740304   8.781407
-18.664438  16.047648
 20.222560 -18.369628
  3.255374  15.258033
 18.654151   0.002031
 -4.353711 -19.152798
  8.532774 -16.810223
 -1.253720  18.031306
-10.236107 -20.304949
 -6.996446 -10.329936
 -7.147818  11.436592
-15.582731   2.034173
 10.103299  18.324328
  7.056121  16.341272
-11.421337 -18.450206
 19.353496  17.466791
  8.773524  11.472806
-20.072358  20.781621
 19.436016   4.239978
  4.857091 -18.118361
  2.221571  19.293149
 -9.914037 -19.796790
-20.062076   0.328504
  6.494557  -2.958528
 -8.492327  15.112807
 20.367316 -20.673651
-19.208597  11.820092
 13.450889   1.476829
 15.564721   7.859861
 10.278298   2.267825
-19.347534  11.477441
  8.443031  -3.036154
 -3.160789 -15.648317
 -2.680437  17.156739
 20.845493  -5.714985
-13.234509  -2.742127
-19.097748 -11.576156
  3.828275 -11.788162
 10.690950  16.776087
 12.665412   2.939700
 21.208553 -20.956382
  9.496520  13.505266
-18.290376 -16.125873
-13.798362 -19.711321
 -6.494366   6.705027
-11.048644  -8.967770
  4.584550  -0.920101
-16.313341 -18.282074
-10.791409   1.885516
 -0.219056  10.161445
 -6.179401  17.932357
-12.083589   9.207383
 19.069646  12.105003
 -8.956077   6.637415
  1.159669 -10.042477
  8.543737   0.148841
-19.267307  17.298376
  8.877672   5.264861
 -9.513338 -12.806427
-15.675920  20.560539
-11.640848  10.450454
-12.494752  -5.512753
 13.667603 -15.467275
 20.645699   8.568372
  6.476029  -1.997439
-16.664891  -0.047196
-20.141733  -9.591811
 -5.003568  14.134126
-17.949890  -9.543205
  4.741102  -0.200556
 15.671785  -4.982548
-19.681248 -12.712459
-13.632762  -2.977130
-19.342383  -8.417603
  1.794924  -6.574844
-20.477141   4.697537
 16.984916  18.260583
 17.601822  13.402527
  3.929413  11.113296
 -6.871203  14.223144
 -2.847916  -3.129875
  9.902569  10.169906
-19.132477 -16.882119
 -4.833624   9.560031
  7.688283  15.487809
 18.920566  -1.576690
  3.136430   2.950692
  0.817036 -14.577889
 -5.128227  10.611383
 18.345361 -15.903099
-20.944077  12.942242
 19.481784 -17.904807
-10.802911   1.849157
 -7.018602  -4.553228
  4.991641  -5.974782
  6.878734  12.200816
 13.403210   4.665564
-16.229963   2.956654
 -7.733258 -10.172842
-13.876514  -1.610312
 -2.595919  -1.449814
 20.126253  -0.855018
 14.874854 -12.189204
-19.069135  18.957640
 -9.657547   4.766192
 -8.034054 -18.833321
-13.832471  11.490199
 -9.670564  15.943192
-16.103989   5.630609
-15.253843   5.095410
-19.458158 -16.655908
-19.936723   7.967868
 15.576636   3.451279
-19.787519   9.389853
-18.972884   9.268541
-10.408835 -10.478373
  7.706354  15.443581
 -6.335926   9.431394
  4.345006  -6.491679
-18.252901  -2.427292
  0.476734 -11.362520
 -7.525913  -5.557276
 13.940335  -3.630110
  6.129520  16.236856
-15.418966  -7.493449
 12.448705  -7.128614
 -3.968458   6.565459
 -1.266407  20.455252
  5.266787 -14.674486
-19.672823  18.589328
 17.792899 -20.496876
  4.710448  13.307078
  0.466393  12.133746
  0.353474   3.520217
 -6.736921 -12.317671
 14.287396 -20.191700
  9.774422  -5.136927
 21.505861 -18.211177
-18.260146  18.814372
-11.898100   0.151022
  3.215775   2.083667
 -3.538939  10.067573
 15.016107   1.199076
-19.378159  -1.195380
  1.056157  -2.548048
 -9.971306  14.515586
 -8.939579 -11.057947
-11.099232  11.562195
 -5.963114  -1.908525
 10.721734 -16.613989
-11.186792  10.056888
 16.425797  -5.966734
 -6.394265   0.243797
 17.912254   6.623853
  4.545443  -2.204581
 -3.505670   2.995585
 14.117065 -16.187850
  1.625007  11.942565
 -3.990927   3.661431
-15.632345 -10.355949
 -9.206560  -8.041925
-18.078943  -3.411824
 20.876303   3.283708
  5.729606  11.778263
 17.274491  16.260726
-20.929871 -16.381922
-10.222152   2.357803
 18.581407  10.491292
-16.139608 -20.127931
 -2.962662   8.210012
 21.165127 -15.881281
 15.849216  18.084514
 17.464049  -6.291312
 -4.219884   2.459842
  9.157688 -16.457919
 17.168817  17.208888
  3.951850   5.038398
 21.346593 -19.645731
 10.313932  -6.265830
 -2.207721  -3.936612
 -2.170640  14.463562
 -9.102623  -0.989019
-15.785041 -13.674926
 11.489287  17.985968
 18.862046 -17.980294
 17.089884   4.041502
 -5.621447   6.454286
 -5.211018  -2.653040
  0.374423   3.805094
 19.213982 -17.413980
 -8.754543  -6.863736
  2.770474  17.163430
  3.448579  14.863626
 -3.167012  -7.655037
 -7.837417 -13.892437
-15.413909  13.564246
 10.135832  21.133672
-12.498594   0.826631
  3.245954   4.988628
-17.303046  -9.297031
-16.478593  -9.769745
 -2.638797  16.647084
 -9.137715  18.044340
 21.116401  10.949852
 18.339085   7.189932
-15.508665 -12.664378
 14.635728  11.010157
-20.418475  17.389784
 19.865810   1.720645
 12.916454 -21.312067
 14.364194 -20.486420
-12.824311  19.086017
  3.074335  10.026263
  0.902616  14.300834
 -8.858524 -16.864637
  8.913119  14.892946
 -2.401701  -2.926111
-10.235958  15.746519
 21.300937  10.006578
-16.568814  -6.319246
-18.184302  12.671435
  9.822021  -7.468601
  0.304999  -9.672133
  5.642954   0.554866
 11.968369   8.934183
 -8.000211  18.348335
 -2.878087  18.678298
 12.709328  -7.882825
 14.749821   6.960834
 16.311177 -20.060517
  5.810277 -21.255671
-15.687014  -5.347769
 19.144614   7.488618
-10.139643 -15.058090
 13.559134  10.089822
 -9.391694 -13.021648
 16.237323  19.475975
 15.429174  10.776066
-21.461859 -18.694313
  2.494245 -12.590771
-13.905431  -3.535516
-10.235211  -5.171462
  3.624435   5.949272
 -0.681132   6.779850
-13.821221  -8.635655
-11.582208  -8.980592
 -0.645410  12.819435
 -4.656526  -6.172076
 -0.822569 -17.429764
-16.745727  16.454672
 11.014320  -9.189878
 20.276445  -7.542848
  7.016466 -16.596611
 -1.523408  -7.823263
-16.695232   8.509043
  8.848172  11.823053
 -0.702487  13.163961
 -0.467667  -3.801474
-11.454046  -9.031814
  0.323456  16.839818
 12.218165 -18.973299
 11.741702 -10.298653
 -7.878887  -4.692453
 -2.507693  -4.377045
 17.814329 -10.008696
  9.857672  -6.918845
 13.760262  -8.272340
 -3.896141   3.132246
-14.405682 -12.692125
  5.412377  19.348321
  4.894732  -7.357644
  4.534324 -20.739460
  9.600281  13.064236
-17.701083   8.844358
 17.808274  11.527577
  2.285029   6.693044
  0.805637  -5.957377
-13.027400 -14.817906
  1.542189  15.540027
-11.692751  13.015529
 17.740243  -7.279109
-12.285428  10.080044
 19.008596 -20.041561
-20.734774  19.023344
-17.171104  -4.409104
 -0.652322 -14.819954
 -8.576650 -11.663774
 11.768183 -10.916262
 -9.829804 -16.258630
 12.271116   6.707921
-15.932454  10.390712
 -9.936058 -17.931602
-18.407942   9.595276
 11.335075  -3.655583
-20.963155  14.266866
  4.530464 -15.040186
 10.189731  12.641184
-13.206928   4.565876
 -8.113405  -7.615005
  0.533763 -20.587740
 -9.761051 -12.844799
-10.183538   6.741391
 -1.235505  -9.018490
-17.579705  20.169489
  2.635038  -0.719301
 17.611161   1.434409
-11.032674 -20.856419
 -0.128093  -4.594528
 -5.497733   2.012317
-16.921254 -11.920571
 20.528234  -4.434540
-11.572608  -5.623706
  2.728221   6.169762
 -7.238787  13.378210
 20.555313 -17.479194
-14.288153  15.760557
 -0.440145 -10.801337
-15.494520   5.032302
 -1.144167   9.635000
  2.878814 -11.559034
 11.552046 -10.712570
 -8.145146  -7.004082
-15.093563  -7.713663
  2.821494  -4.037719
-21.359300   8.225165
 11.017639  12.730858
  1.969433  -8.077701
  6.566773  -7.696600
  9.023105   0.623424
 15.493806  21.287032
-18.082038 -17.062105
  8.607840  -5.370363
 11.097506 -14.597577
 10.720027 -14.420291
 -2.695626  20.386783
-19.912524  -3.275328
-14.224806  13.096237
 -0.553246  10.756516
  2.034074  -4.345676
 -8.780356  -2.787290
 -8.889538  18.229113
  7.632712   0.971140
  4.972341  -5.545506
  6.489535 -15.486440
  1.004454 -12.767248
  4.924792   9.265311
  0.837207 -10.746460
 -1.603577  18.843948
 18.449838   9.509627
 15.223515 -15.753345
  1.053149  14.230426
-21.175725  -3.615713
-15.104920 -18.703526
 20.605369  -8.128490
-13.492465   8.382751
  1.630001  -7.299282
-18.960144  -1.352415
-14.841229  -6.460439
  2.555543 -11.835525
  5.565100  18.484394
 -9.738117  13.856591
 15.901624   3.649034
 -8.391586   5.378440
 -4.178807 -10.594827
  1.771934   6.884679
-18.253031 -15.015378
  9.964429  -9.504625
-10.241095 -17.179684
 12.825410   3.772097
 11.493548  -7.337080
 11.749479   3.981743
 -9.623340  13.275342
 16.041740   7.279067
 -1.148825 -14.338106
 12.241364  21.128568
-17.654187  13.104885
-15.271560 -14.479846
 16.183329  -7.631804
 17.105184 -19.345427
  0.505667  -2.605434
  7.121184  -7.469739
  0.016205 -16.532791
  2.598270  -5.300227
 -4.945110  -1.102550
 -8.131889   0.949782
  1.325614  16.557938
 14.782661  19.671557
 19.245165  14.411733
  9.130220  14.682648
  2.612989  -0.427961
 12.483290   8.007880
  2.501500  -2.790142
 -6.558603 -20.507232
 -5.802314  -1.465522
  7.345689   9.870833
-12.364706   2.583102
 21.509285  18.982389
 -5.077840 -13.866958
 10.697551 -21.138951
 -2.502119   1.123312
-21.357452  -8.191122
-17.534513  -5.664927
-10.637554  18.211563
  4.612655 -20.151582
 -9.722099  -0.918654
-19.702769   8.445560
-10.668760   5.411682
 20.353278  13.967671
 15.689606  18.471233
 21.480404   5.712772
 -0.419019  -1.147028
 16.197271  10.825330
 13.281006 -19.950037
-20.354243  17.032254
-14.982116  10.203675
 16.023451 -15.912798
 -3.474464  14.938695
-19.178727   5.939056
-18.907540 -17.389060
  1.904407  20.883028
-13.211321   4.924964
-20.879664  14.570216
 15.043537  -7.928052
  9.042147  17.527309
  3.751812  19.193802
  0.705907  19.031551
 -4.182923  14.589360
  7.328499 -18.793948
 14.042054   0.065910
  9.890945 -17.972552
 -2.445169  -9.697300
-13.016877   0.236124
-14.127773  10.662988
 14.595539 -21.460707
 -9.773432  -6.450418
 -6.849252   2.945085
  8.479822   2.859377
 -1.598168 -16.577495
-17.687734   9.916576
-13.579536   3.937617
 20.121074  11.522415
 12.473425 -12.202883
 -5.420323 -18.088923
  9.688756 -10.941173
 14.571720   6.148111
 17.343901 -13.345082
 11.051966 -15.865856
-19.295915   8.895483
-13.910226 -15.533594
 -7.968630 -11.838512
-13.467803  16.570163
-13.948758  -8.858923
  8.534513 -10.171650
 -0.436939   3.399674
 -6.529283   6.126879
 -2.174120   5.660341
 14.330755 -20.013217
 14.460085  -4.938594
  1.639387 -12.499367
  8.734499  -6.612990
 13.431240  12.798925
-12.638291   8.625045
  0.162659  14.249852
 12.713545 -17.679276
 11.811269 -10.445162
 -1.395870 -20.241444
-16.619118   6.839950
-13.546418 -15.559980
  3.750657  -5.517385
 -5.274281   3.818482
-20.137689   8.695654
  5.593194  15.955017
-21.258793  -3.395185
 -7.140421   6.388473
-17.271028  17.848029
 -8.368893  -1.432459
-13.557857 -20.660401
 13.358362  -1.881547
  3.281697  -2.809362
 -4.348794  14.432965
-10.688770  -5.477122
 -7.003659   7.713612
 -8.632514  20.337077
 16.305093  11.369073
 17.317391   0.300705
 -3.413405  11.839930
 19.612020  -4.287594
-20.366417   0.527228
 18.245675  16.700915
 20.098178  19.130962
-13.026435  20.408879
 10.879924 -15.988716
 -7.208045  19.868255
 20.318046  -8.239383
 11.483558  13.024352
 -1.783576 -14.457222
-21.563573 -15.228388
 16.543645  -8.584603
-18.127788 -11.396869
-12.816490 -17.704790
-11.027555   7.979627
 14.932875  -5.432063
 -0.978735  -6.708448
 -1.261410   8.069174
  8.587285  17.834388
  7.276472  14.314190
  8.908881  11.364027
-17.460366 -16.048697
 11.363514 -15.831665
 11.804851  17.194520
 13.814974   9.952075
 -3.257607  -4.585664
-18.504426  -0.505037
 10.386538   3.733731
-12.022817   4.688165
 11.570858  -5.653473
 -6.918439  13.963888
  4.776474  10.872769
 17.910115   6.288938
-15.634948 -13.479672
-12.474763  -2.790693
 -6.929856   6.654741
 -3.209271  -9.289550
 -4.889570  13.879081
-20.095488  19.807751
 -3.380966 -14.534948
  7.877078  14.438844
 -1.515339 -18.029932
  8.038035 -17.219300
 15.658552  13.113371
-21.071902  -7.818086
  3.226271  -5.011620
 -1.957303  -0.598779
 19.868589  -4.246414
 11.722737  -8.512365
-10.426361   5.793862
  4.477077  13.064475
 -2.148339  -5.493946
 -1.142757  -7.125256
  1.513044  -5.837971
 12.333372  20.767731
  1.369942  -5.034017
  7.547857 -15.103272
 -7.036602  18.756450
  3.894610 -13.063116
 13.514477   9.833563
 -1.944460 -19.502917
 -9.429957 -16.348978
 -0.448355  -5.741102
 16.811968   8.051946
-10.699482  -7.021653
 -8.806560  13.788116
  1.846735 -13.878943
 -6.182552 -20.843179
 -7.575874   5.874453
  4.137649  -6.167038
-20.018346  10.310989
-10.859326 -17.969176
-17.514465   9.797216
  5.742145  -2.976456
 -9.733123  20.384040
  8.164453 -11.054850
 14.064685  14.468453
 10.052112   1.017738
 -1.796275 -18.293639
 -5.495242 -15.260381
 20.599632   5.953586
 16.503994  -5.101359
 20.747512 -18.197358
 18.465432  10.768334
 -3.346708 -20.633034
 19.455504 -10.503734
  6.605083  16.542376
 14.552063  -2.875596
-16.570421 -13.320995
-10.325848  -8.501699
  0.606510  15.303326
-11.069896  12.914817
 -5.432988  -1.169925
 11.263063  -2.723949
 10.664775  12.022948
 -9.639915   7.406192
  4.519695  17.701045
  7.698596  -9.820250
 -4.009703 -20.791341
 -3.701167 -15.994068
-10.063298   4.280232
 20.558777  -7.855514
-12.038817 -20.819250
 -7.576898 -18.847190
 -9.165687   9.159852
 14.125319   3.797892
  5.822179  -7.397913
 -4.793493  18.570500
-21.057096  -6.886254
 -6.636975  -2.402652
 -1.643866  10.479074
-12.500465   8.541736
  7.472993 -10.554080
-20.206087  15.219000
 20.205660   5.675792
  2.649272  -6.683075
-12.633788  20.946324
 -5.650929  -8.993245
 -7.977395   7.538459
-20.322811   5.394069
-14.397078  -6.409740
 -2.957870  21.419676
-20.588760  20.449025
  2.438186  -0.399303
-11.460158  18.194815
-15.910673   4.627659
 15.105666 -17.410472
-12.169208  21.260055
  3.056185 -13.883511
-14.726123  11.989066
 10.128703  -4.271767
 -3.952101  10.855336
 -3.534624   4.287537
 -7.801769  -5.910854
-17.036405  16.621540
 19.882342  11.307735
 -7.872116   1.539089
 -4.658111  15.511245
 -0.223205  -1.558918
 14.089180  -2.183504
 18.312936 -13.926530
 -9.140783   1.411158
 -7.168831  -1.554272
-14.157907  17.594534
 -5.039132   6.614103
 20.487487  -3.875308
  5.893209   5.135442
-15.613688   5.180557
 21.552907   4.301345
 10.028793  19.245126
 -7.559123 -10.802559
  2.994026  -1.213335
-17.670250  -5.603217
 10.496104  16.567739
  6.657813   2.248878
 15.700533  15.133349
-14.628415  -5.656421
 16.184889 -14.030885
 18.884486  18.203862
 -7.658314  -8.943181
 17.040052 -12.657286
 -1.677042 -11.013971
  4.460356  21.155616
 12.819754  20.425188
  0.009285 -16.798005
  4.493094  -7.289601
 18.150731 -14.719684
 -1.632432  19.978878
-21.302641 -20.203665
  7.640887  15.857109
 21.407093  15.645700
-18.560205  -3.581729
-10.366736   9.330188
-16.373579  11.948970
  6.354259   1.476179
-20.575291  -0.829113
  9.764572  -8.943995
 -4.389261  13.924041
 11.610497  -5.902275
  9.358184   0.499379
  6.464008  -3.084975
-16.240744 -15.293502
-10.260039  14.049875
 10.954563 -16.770943
-14.301210  -3.763020
 -6.919144  17.840502
 12.767894 -12.524329
-17.404170   6.135937
-18.400195  17.245237
 -0.363877 -11.027731
-10.368019  -8.843383
 -2.390167  12.414555
  8.621064   2.947587
  4.079295  11.289142
-15.205364  -9.139805
-12.051869  -5.579232
 -5.930313  -9.019370
 19.215011 -14.761334
  5.784246  -1.067695
 -2.597946  -8.861201
 10.529273   8.427565
-15.270071  -8.971220
 -5.001408   5.908133
-20.390197 -12.456200
 -8.512276   3.638942
-10.393005   9.553221
 10.603753  21.432277
 -4.067512   5.117472
-14.238283  -6.729975
-14.866120  15.232772
 -8.022403  -5.427536
 15.785655  -0.637382
-14.293978   1.090233
-14.023266  17.156172
-20.985152  19.308165
 -6.809746  -8.237882
-11.909808  -9.576768
 12.010220  12.496647
  6.479856  -6.199137
 -1.757302  17.828748
 17.552248  14.687012
 14.936224  12.229377
  1.041912 -11.734359
-12.850705   7.095345
 -4.385179 -17.330111
 -7.364949 -18.697058
  2.301890   1.501367
 10.422341  16.096995
 20.322888 -19.181889
  2.881533 -10.887612
-10.537686  10.343626
  8.194998   6.514872
-11.012239   8.192338
 -1.897947 -19.861943
  4.714749   2.245348
-17.653283 -13.391388
 14.285911 -18.849502
 17.415371   0.974493
-18.970627 -11.768274
  3.701263   3.510883
 -1.543480   1.595533
 12.157024  -7.825320
  5.784726 -13.114404
-16.571244 -17.997716
-13.072482   1.830334
-12.312262  -0.551635
  2.995024   3.530025
 15.601209 -16.782167
 16.697555  11.983501
-13.184693  13.209085
  4.942654  -1.889808
-21.578611  10.997003
  4.378499  -0.319458
-13.973823   0.315057
  0.613450  19.502022
 -8.655670  15.865674
-10.842250  -9.707543
  2.646619  -8.259666
 -2.590108  20.616293
 19.254111  -0.536525
 -7.810234  20.492110
 -1.274127 -14.552746
-18.767831  -2.936956
 -8.439510  18.372759
 -2.453832   5.956545
  1.667092 -13.709275
 12.043805  11.355234
-12.389049   0.076882
 -7.775315   1.313259
-17.153981  -8.637347
  4.731553   3.067564
-14.921382 -14.844050
 11.508367  12.347041
 15.221835   4.757324
-14.811869  19.729742
 20.785870   6.630795
 12.473941  12.085412
 -9.962646  18.698841
 -1.210392  15.389462
 -8.483697 -15.336582
 -7.183202  -6.310070
 10.593242  -2.172620
 -3.227130  -4.598977
 -3.580259  11.328023
 -4.143696  20.246974
 -6.323963  13.192017
 20.519385  11.536499
-20.758480   8.827441
-12.588089   9.360261
 -8.864774  -5.465872
 -7.696262  12.567743
 -7.530402   2.590802
-12.983667 -12.312870
  0.127156  15.396629
-16.984746 -11.096446
 -7.539133  -0.877707
  9.558604  -1.301540
 20.352953 -19.612802
  6.886868   8.113002
 17.663933  -0.559814
 -9.497839   4.609649
 -5.399181 -17.217796
  6.031958  -9.674803
 -5.639811  18.299783
-16.803470 -15.798899
 10.792492  -7.579634
 11.890494  -3.724817
-15.043424 -15.101874
 -8.689437 -12.960246
-17.798177 -11.006208
  3.142073  11.352405
-10.336933   1.340387
 -9.010683 -20.656002
 11.754751 -18.662231
 12.350911   9.132596
 -8.036875  15.268320
 17.500471  -2.339696
 16.614081 -13.645151
 -1.368300  -1.693281
 -7.213877   7.675292
  8.815405 -10.568544
 10.698492 -20.600425
-16.450973  -3.854349
 -4.479495  -0.589355
-19.525057   1.226767
 17.840831   0.529704
-20.900105  -2.712661
-20.213970   0.181939
 12.885620  12.533940
 -0.345191   3.232028
  5.804950  10.127541
  2.821254  20.486630
 12.121411   1.372137
 12.899130  14.960132
-17.810053  18.251865
  4.753360  21.295428
 10.882397  11.539380
 -2.983101  -9.639436
 -2.104333  16.439353
 10.322061   6.499168
-18.445286   6.386682
 -6.920220   1.197243
  8.319722  13.833008
 -2.920442 -20.671912
  3.228675 -21.325509
 14.179218 -20.784745
-11.870067  -3.147135
-10.417553 -11.971153
  7.540055  -7.490047
 -1.825057   7.145361
 11.660882   3.215740
 -6.279323  16.429467
 15.864903 -15.007473
 11.793254 -12.694572
-13.755454 -20.467102
  4.403007  14.890967
 12.072811   1.731294
 19.641338  -7.453683
 -7.977474 -11.659513
-12.579527  -8.513445
 -3.270947  -9.889433
 18.848258 -12.215413
 -6.249106 -15.668114
 17.231600  -2.607511
 14.435593  -5.395078
 -2.421254  10.538311
 10.364231  -5.166004
 -2.297705  -4.355502
-12.716686  -5.162189
 13.586375 -17.588801
-14.035819  17.853835
  9.699192 -16.342398
 11.085395 -16.400520
 -0.470516   4.529451
 10.786288  -7.910802
-13.349615  20.958571
 12.950980  -6.054114
-10.571708 -16.761930
 -1.859598 -21.286558
 13.107384  -4.306679
 15.443701  -6.277776
 19.255613  14.538296
 -2.844768  15.025312
 -8.610000  21.587324
-17.951696   6.202740
 -4.765556  -1.237185
 19.496555  -9.732263
  6.365935  -7.634696
-15.520213 -10.843281
  2.789824 -16.072633
-14.871241   8.427033
 11.330835 -18.956961
 13.062828  15.826107
  6.953135  -5.542386
 -3.677341 -14.796748
-14.151456  18.847797
 20.100968  10.452960
 13.405810 -13.754245
 16.376144 -16.874284
-14.585456  -0.105607
 -8.378000   5.413499
 17.667973 -10.144166
 -7.729658  12.237216
 -7.275656  16.797043
-20.121576  16.071618
 17.866524 -19.591224
 -5.312011   4.255523
  1.088839 -14.766945
-20.954658  17.158552
-17.620248  21.089873
-16.743863  -1.050219
 20.881532  15.385266
  1.586615 -15.793687
  4.461311   5.912146
 -8.146186  -1.318162
 17.404543 -16.061820
  6.755369  -5.806826
  4.907934   9.344821
 -0.959479  10.744657
 15.205038 -13.120397
-12.125759 -15.992311
 19.106890 -11.856160
-18.049436 -17.505107
 -4.154175  16.714854
-17.054141 -11.827149
-13.624124   6.884756
 -7.403367  20.474931
  7.272995   0.860411
  3.333619  16.570779
 11.227404 -15.910253
 -3.368695   6.963919
  3.428722  18.775775
-20.121466  17.539828
 -4.966703 -19.525604
-13.050886 -13.730149
-15.424367 -20.126274
 12.734160 -14.606559
 -7.666601   3.114147
 -0.697902  -6.743444
  5.560398  13.693946
  3.335104  -2.069102
-12.319077   5.240703
  1.981991 -16.510214
 -9.534016  11.599678
 18.311859  -7.030602
 16.957160 -10.571713
 13.261903  -0.546258
  2.112514   7.052317
  7.258148  -6.809399
  0.823950 -18.873312
 -5.813759   6.147044
 20.077353 -16.146943
-11.788198  -1.838875
-16.798883   2.180078
 -8.825180  16.126851
 -8.336286  -2.757711
 20.922265 -18.015815
 15.852996   0.204065
 -4.425490  19.061988
 21.537135 -13.181271
 14.688554 -12.015774
-20.877729  10.083412
 -6.309943   4.360448
-15.043485  15.548812
  1.081954  12.971232
 -5.933254 -11.645703
 19.317463   1.333587
 -5.422804 -17.274035
-14.444546   5.802305
  5.105560  14.827916
 10.847701 -15.031393
 19.102694   4.737552
 15.478352  -9.572196
 19.831252  19.392441
 -8.791354  17.321326
 20.390783  17.009762
 -1.382221 -15.719621
 18.927792 -21.584724
-10.742577   2.408719
 -8.138649  18.275853
  4.886666  19.840713
-19.041600  -3.871777
-15.388204  13.929462
 11.430415  13.261894
 19.479338 -11.125596
 12.368715   6.310856
 -4.708815 -13.246360
 14.443014 -18.553033
 20.017037  -9.667388
 16.961983 -16.266035
 10.353095  19.195536
-15.040244  -2.445925
  7.440685  11.257255
-21.134778 -16.532985
 -8.157862 -17.167153
  5.553176  -1.248077
  6.930206  -8.690880
-16.205854  10.493787
 -1.971327 -18.558602
 20.692496  17.733866
 -6.852505  -9.845160
 21.079846  -5.119126
 16.896243 -16.725417
 -1.446090   3.671074
 16.253668   8.270075
 12.720483  11.165452
-11.895836 -17.148233
 21.496549   4.463254
  4.278830  -5.937867
 15.956408   7.124138
 14.545834  20.012159
 -3.383678   5.964188
 15.775225  -9.495206
  9.679062  -9.682605
-10.727821   0.337977
 -3.471320  14.527998
 20.869342 -18.010367
-17.231142  13.218832
-11.113450  -0.217033
  3.934848   7.155151
-17.108692  12.135827
  9.008457   2.620977
 14.576200  -5.364475
  0.819365  18.370502
 -5.072232   4.391812
  3.902819  12.683519
 19.615888   3.267023
-16.525151  11.406125
 -6.017724   7.456726
 17.443711  -3.376973
 -4.590212  10.554182
 -6.596448  12.447490
 15.216467   3.168501
  0.983465  19.016510
 13.528541   5.534713
 11.993649   7.303753
-20.492327   2.891376
-20.556961  19.265030
-17.331659  18.172931
 13.041875   9.895278
 15.095380 -10.648185
 13.753516  -6.737052
 20.458637 -10.856113
 -2.332498 -19.535078
 -1.805562  21.210150
-10.230896  12.685292
-12.554740  11.698945
  2.042397  -7.694734
 -4.262938  -6.543109
 13.628280  14.891897
 15.407123  -7.181427
  5.028598  10.361923
 14.525380 -11.768936
 14.199110 -17.223919
  9.587837   6.024315
 -8.081668  -0.121276
-13.556499  -5.067516
-10.165807   8.959511
 -6.454343  13.214772
 17.097706  11.006101
 19.842120  -7.656778
-16.784038   3.535783
 17.661470   8.649863
  2.612965  11.092489
  1.652588  -4.407643
  8.451479 -13.019633
-17.688576   4.232277
 16.283508  -4.119678
-10.222414   9.326366
  1.418159  -4.460109
 18.198360 -17.123356
 19.702438  13.589557
 16.737888  -8.902990
  3.028613 -18.048459
 21.575760  -2.482442
-19.838613   2.073048
  7.236921  -9.772346
 -0.237906  14.396312
 20.876931 -11.000805
-11.844029   6.389066
-12.270178 -21.063527
-11.073015 -20.702565
  4.847926  14.598607
 -3.692484   2.212970
  2.941302  -3.787622
 15.029486   3.494690
  5.497421  16.787699
 20.698463  10.661448
  8.931424  20.818779
 13.108007 -10.214323
 -5.606129  17.282284
 18.875038  -7.769316
 -6.174396  19.789535
-15.789911  15.549611
 21.006250 -10.934121
  1.653498 -16.037366
 20.779676  12.278244
  0.322006  -1.048131
 -8.057457  13.273354
  4.496757   9.508590
  9.398788   6.262530
  2.335946  20.955330
 -1.499626   3.207995
-19.301697   5.132417
 -0.123857  -2.756840
 19.576685 -14.198061
  2.590217   2.548629
-19.114023  -6.583546
 15.879333 -15.211579
  7.862703 -18.774169
  9.455132   3.013357
 19.325569   9.839254
  9.228047  -0.397016
  8.822210  19.126720
 21.004125 -12.303181
 -2.068774   1.658694
  7.545641  -7.320964
  3.017838  16.241848
 19.278768 -15.369131
  1.711265   7.833099
 -8.015389 -21.307305
  4.734480   9.163312
 -6.119301 -16.429678
 20.621686   4.918340
  1.286150   9.952431
 10.046434 -10.851860
  4.385900  11.181067
-13.852477 -13.770514
  6.454383  -0.217078
-16.437596 -17.750633
 19.273556   3.196925
 19.398091  -4.862111
 -3.992795   8.485130
-15.616389  -6.769641
-17.458705  -6.257220
  8.953759  16.375588
 -0.013745 -13.626732
 -4.258321 -11.809143
 20.979476   5.745916
 -6.924089  10.878425
  1.031066 -20.718687
  4.586087  20.822837
-19.044884  -5.480050
-14.320234  20.027509
  1.258026 -21.398644
 -4.978648 -20.405366
 17.502266   2.737355
 15.524293  19.686745
-13.457573   5.221688
-13.746814 -12.166249
 -6.685288  16.074595
 17.824952   4.307831
  3.196153  16.910068
  8.915079  16.401828
-13.932345 -15.169691
 13.780603 -20.289240
-19.924951   1.623881
 19.786955  19.038413
 13.271249  -8.136057
 -9.010183  -6.520866
-13.805996   0.798718
 17.289962  -0.101475
  4.471346  21.485170
 18.143963  18.913749
 18.515800   2.072755
 -4.801860  -2.249183
-16.572314   2.352752
 -6.983542  -5.802040
-11.255701  13.719694
-13.463704  -4.134901
 -6.120515  17.997574
 18.192585  13.431198
 17.697660   8.969937
 14.647487 -17.332688
  0.857252   7.063744
 -7.752108   1.180979
  3.243749   1.379189
 -4.571212   2.003664
-12.919734  -7.762331
 -2.250523 -13.044607
 19.191483  -3.183011
 -2.802003 -18.040800
-20.570365 -17.093441
  2.646129   4.737452
 -8.385224  21.266814
 11.696001  11.700406
  8.592551   1.190166
-19.801474  19.300890
 -8.332423   3.778698
 17.291938   1.848400
  6.088281  10.335905
  1.481420 -19.560634
 -8.512736 -13.468075
 20.052883 -19.334797
 14.057032  16.144065
 10.304932   1.036128
-13.897867  -5.580406
  8.604711  17.740603
-17.338288  19.438458
 16.949783   9.176137
-18.447978 -12.804124
-12.668964   6.066193
-20.926395  18.234130
-12.699511   8.181627
 18.330289 -21.395285
-11.215265  13.549151
 14.312334  20.926165
 21.042093  14.107920
 -5.538941  14.592412
-19.666507 -15.479881
-10.965319   7.280617
 16.500015  -3.333286
  3.047316  15.713714
  5.451426 -12.749345
 16.359021  10.222570
 -9.823035   8.220150
 -3.633666  -3.730758
 -9.586655  17.326475
 13.682505  -0.509048
  4.325600   5.466403
 -4.515762   8.467276
 -2.197662   7.040003
-11.967498   5.944193
-16.619973  17.375780
 -0.495210 -13.678910
 -7.457246  19.159335
-10.519236   7.815122
 18.602755  -4.397564
  1.566436  -9.300752
  3.028680 -16.913143
-16.441890  13.948307
 16.589947  19.449032
  2.365199  -0.087816
-16.108631  21.408126
 -1.341058 -16.876344
-11.722533  14.389693
-13.630536  11.341789
 13.236874 -11.156320
  4.981860  -2.673710
-15.432824   4.190464
-19.826558  18.732194
 11.525336 -13.436521
-12.509365  -7.865799
  2.972218  19.379063
 -6.853788  19.457902
 18.223478  -6.474936
-12.931950   6.226639
 -4.695327 -14.986187
 -8.993998 -18.850347
-13.652791 -13.204551
  6.826128  -2.640747
 16.041772 -18.602659
-10.982472   1.233645
  2.456055 -15.406699
 20.052426 -19.149993
  7.981754  -3.891276
  1.480627   5.122925
-14.259662  18.696984
 -5.599923 -15.401384
-17.116160 -11.505803
 -5.131582   2.709144
 13.552102  11.607643
-16.431462 -11.900819
  5.541981   2.749194
-18.406483   6.430866
 17.747055  18.887512
  6.254935  -9.397363
  5.013321  -2.174204
 10.716598   7.900467
  4.864687  -6.689682
 21.080627  -1.944679
 18.119226 -14.984442
  1.574842  -6.042162
-15.361600   5.922427
-14.067944  20.190384
 21.562869  16.499700
 -5.699026 -20.695516
 13.195461 -15.379901
 -1.730935   9.101628
  1.792736 -11.794222
 -4.223623  14.693847
 -6.352933  19.089263
 -3.406724  -3.554253
 10.085009  -2.423827
 -4.819269  -5.894197
 -7.516325  -4.368252
  9.646893 -12.704469
-12.227358 -13.350309
-13.193196  16.139785
  6.882882   5.135454
 17.295307   2.082478
 11.403788  -3.965411
  6.220802 -12.376209
-15.494480 -16.906312
  6.576657  -8.626164
 14.380757  11.861755
  5.339351 -19.401737
-12.217904   2.233141
-14.829724  -4.998650
  0.756037 -13.810382
 -2.463249   8.379487
 -4.926067   7.214121
 -9.792577  10.625977
  2.737325 -14.867035
 -4.238936  12.176305
-13.054619  -3.832284
 -1.357354  15.898900
-15.960020  18.630107
 -7.939529  18.706473
  4.852436  10.165721
 16.239596   7.611382
 12.396769 -17.895597
-21.225513  15.649168
-19.321083  15.232360
 -8.065704  17.357922
-12.830095 -15.093953
-12.397888  14.717312
 -5.920989  17.679410
  3.604976  14.180595
 -1.076227   8.795659
 -9.083187 -17.215222
  2.673542  17.315297
-15.032870  -3.663970
  1.395584   5.110080
-14.762286   2.260276
 -1.314676  20.878690
  8.206432  17.437750
 20.568588   7.079145
-15.264880  -2.380152
 11.045096 -15.742134
 -5.142997  -5.211227
-14.236216 -20.737982
  8.126849  13.735514
 18.616702   3.667300
-13.744786  17.020283
 20.316818  19.293296
  2.885026  16.658087
 21.073621  16.696398
-18.623952 -15.770445
 -8.635484  -4.595800
-15.142205  21.293142
 12.569798   7.296647
 19.940045  -7.745821
  9.132833  19.386509
-18.011260   4.441503
 12.930523 -20.910721
 16.893261  -3.553690
-14.296601  15.174122
-13.304600  -9.493380
  0.882645  17.967962
 -0.448889  17.531279
-19.353122 -11.283670
 -8.353320  -2.206178
 -2.896574 -19.852312
 10.799897  11.221851
 -1.810619 -18.133451
  2.215042 -15.955926
 20.660342   5.364129
 10.136503 -20.770035
 -5.155008  17.475904
 -5.183268 -20.045528
  7.426249   8.504183
 -7.100572  13.095909
 15.276672  12.273999
 -4.009174  -6.820041
 19.133550   9.465859
  2.262930  -0.482526
-10.079747  17.857038
 18.091128 -17.936843
  7.180816  -7.835879
  0.379783 -16.695708
 13.424620  13.228991
-16.975457 -18.385288
 -5.469626 -14.946935
 13.022945  12.047472
 15.711425 -21.183325
-21.019080  13.261806
 15.990895   5.074301
-14.850268   5.448660
 16.042293  -1.695039
 16.130942  12.360887
-17.028026 -16.330533
  8.819178 -12.980679
 10.629968 -18.094078
-17.638392  19.500131
-21.434063  12.596806
-11.531128 -19.440059
-18.169403  -7.758506
  1.267206  -1.034894
-13.076651  21.078558
  4.555778 -13.561997
 -9.155657   7.610083
 15.768355 -18.953294
-13.611117 -21.327261
-14.003241 -13.058474
-15.383832   1.814332
 20.421665   8.638575
  8.763902 -18.326314
-13.519524  -7.715285
 21.253554 -14.583302
  5.844827   3.987714
  4.387131   0.287472
 -9.270590  -3.174193
 14.017042  10.171144
  1.319797   6.689182
 20.223607 -10.727935
 10.985634 -18.806976
-18.887775  -6.729555
 10.061893   5.177321
 13.724792 -18.146090
 11.423540   9.335940
-21.081646  10.552408
-17.788391   3.807589
 17.985602  -5.984073
  7.822691   7.698048
-18.754035 -10.262708
 14.676128  -2.126004
 10.462722  -0.844612
 -0.013179  11.379419
 -8.057894  21.561009
-13.379686   3.768298
-19.755382  -6.354938
 -1.514384  -1.657143
 18.292868  14.968005
 20.402326  -1.571449
 17.240669  -2.065979
-15.462019  10.823850
 -3.473403 -20.542472
-15.576536  -7.917545
 21.157724   5.710739
 -4.345131 -20.997353
 12.587405   6.988553
-14.135906   4.014885
-13.655104 -17.502644
 -4.696201 -15.124327
 -7.027983 -20.663395
 -4.655582  -8.487844
 19.664457   2.130997
-11.761663  -0.581698
  9.665102  -2.900610
 19.324694 -14.695748
 20.265116 -19.018350
 19.934183 -18.709657
 -7.634196  -1.006549
 -9.101296 -11.441415
 19.152201  13.116472
 -3.613878 -21.039800
 -8.294068 -14.748376
  5.635830   7.951287
 -3.067311 -16.336193
-16.008707  -9.422044
  9.709492  13.267769
 15.729014  -5.634682
 20.322606 -18.873000
 -2.286221  -3.585575
-12.551501  -7.508133
-11.515463  16.064947
 -8.098400  17.959878
 20.413204  12.390025
  2.375816   3.335895
 -7.298177 -13.202880
-16.107861  -7.696825
  5.731851  20.353061
-11.710367   4.010463
-11.360828  13.809182
 -0.493002  -1.306690
-20.762037   0.473492
-17.470829  10.808308
  5.339822 -18.087509
 -0.391371   4.432310
 16.887337  19.797383
-10.108484  -2.182251
 11.985115  12.583364
 -9.667712 -15.418799
 15.023784 -19.050282
-10.947501   5.748616
 -7.464339  14.032949
 -0.753705 -15.287608
 -9.816873  -7.774459
 20.964293   4.526108
  1.568599  14.002694
  6.300356  19.773750
  4.215767 -16.400344
 10.083740  10.173379
-13.178459  12.910255
 -9.397890  12.558642
 -3.326775  13.762938
-21.128515 -10.325324
-15.376625 -20.507744
  6.550631  11.334541
-18.199742  -1.514614
 17.703646 -15.223043
  5.438442   2.387420
  4.054107  11.165540
-16.945422  -9.782551
 -9.678984   8.912019
 -2.015993 -14.562673
-16.047258  19.703760
-16.246874  15.886269
  2.271245  -5.666890
 -7.980391   9.525654
  2.165492   5.568063
  6.321383  -4.512771
 -7.490428  14.518368
-20.108132  -9.378335
  2.834650   2.960480
 16.556815 -19.186883
  9.386074 -15.903356
-18.840475 -18.666951
-15.052179   0.984121
 19.013304 -11.447413
 11.001293  20.404200
 -6.991572  -3.773875
 10.836750  -0.325914
  1.948812   1.066148
  6.126568  -4.493225
-14.904691  13.946945
 13.580531  -2.224880
-16.621237  17.773533
-10.335397 -11.263736
  6.253571   2.491974
-19.332730  14.812985
-11.857542 -19.768543
-12.139161 -11.548844
-15.006352  16.004872
  0.025223  -7.648549
 11.057605   7.355362
-20.768152  11.471184
 -0.335782   7.328538
  8.515789   2.161343
-19.866383   3.873686
-12.578258   3.574333
-21.291017   8.718806
  3.524395  -5.697292
 17.218612 -14.507459
-12.407976   1.565135
 17.936669  10.551768
 -9.442779   2.430549
  0.470000 -14.693905
-12.891488   4.649120
 -7.150216  -7.471091
-10.353232 -16.451957
 -9.271509 -20.355085
  4.465491   6.540852
  0.509981  -4.074157
-13.615256 -19.800284
 13.160267  10.489539
 16.166923 -12.953838
  3.032941  10.682195
 14.382563   7.525714
 16.703373  13.731565
 -6.007465 -19.251322
  5.448282   2.887773
 16.605235 -10.699233
  0.479493  -8.212252
-12.250502 -13.784293
 -7.174137  -0.017595
  9.501499   9.502673
 -1.819397  -4.719410
 10.966693  18.179379
 -0.856415   4.179184
 12.744137   7.215450
 18.914048 -18.244478
-16.966299 -21.588304
-20.252163 -19.438789
-21.115646  -9.753207
-21.599590  -2.373381
  9.881923  19.924203
-17.399549  -5.700250
  6.297355  20.344617
 10.447768  -5.494134
 -9.504921   6.636642
 -8.749299 -20.088313
-16.412694 -15.472595
 -1.860726  18.673012
 20.877828  17.909254
-16.401959   5.905863
 19.544760  12.647341
 16.428553  18.664265
-14.058088 -16.736252
  9.711750  -1.933434
 16.694208   8.420483
 -9.800587 -20.625453
  2.731564 -18.866138
  8.285826 -12.291455
 -4.426318  -5.295239
-19.994638  -2.916539
 -1.481692 -14.039011
-21.026776  17.168030
  6.765553  19.847328
 16.259436   9.067755
  9.455220 -12.843419
-10.053312   7.397679
 20.009791 -13.475384
  8.193969  13.407290
 21.420178 -19.693882
  2.730757  15.422323
  2.546398   8.767308
 12.612835   9.312595
 10.477122  -9.222461
-17.780429  -5.732763
 13.854854   1.926320
 -5.474846  17.358663
  9.771780   1.761135
 -7.745275   6.018373
 -4.017529   3.465149
 -5.524852  20.887753
 11.547934 -15.222246
  7.458823  16.823336
  7.590702  -3.981926
 19.931893 -17.865552
-10.661747 -15.653888
 18.347864   6.284051
 -2.126790   1.693949
  7.790587  16.836807
 -6.762798  18.070503
 20.853249 -15.333819
 -6.840725   5.732530
 10.575096  15.167427
  3.183520  20.616421
 12.626401  14.026414
 -4.477672  13.972754
 16.447234  21.189770
  1.900659   0.845374
  3.260070 -10.596219
  2.179378  19.106922
 10.355527   7.949262
 12.429687  -0.467424
 -7.538949  14.535451
 -5.472484  18.875292
  0.998828  13.796391
-12.136115  -6.430996
 -3.974467  10.867630
-17.002370   6.068276
 -2.002143  14.443889
 17.074124 -13.464095
-21.574248  12.683261
  0.194879 -16.943003
-15.363840 -18.480672
 19.444778 -11.152799
 -4.055622  14.050020
  1.812969 -17.427432
 13.586156 -20.584558
-20.256590 -16.369537
-13.577150  11.926131
-18.518278 -10.651655
 19.483747  -3.373163
 -6.155383  -4.190365
  8.545760  -8.630691
 -4.849316 -12.595029
 -3.087768   3.874642
 -0.931414   4.959497
-19.791005  -0.374394
-20.238421  -7.791904
-20.259058   8.667281
 15.602754  -5.021772
  1.685547 -17.366105
  8.147137   5.194010
 -6.434427  20.362854
 -0.418674 -20.419425
-19.929388  -0.542229
 17.533818  -1.085539
  1.889350 -18.015926
  9.688837   9.314287
 18.243830  -1.957556
 10.759056 -11.172443
 20.908811 -20.116419
 -8.216053  11.973475
 15.320543 -12.244809
 -3.861774 -21.155301
-16.053805  15.669361
 12.132068  18.815250
 -2.400625   0.089537
 -1.590625   8.516061
 -4.830706  18.359156
  6.639940 -19.495517
  3.700558   8.562955
 -0.384523  17.377707
 -8.925575 -14.569365
 -9.059616  -7.282846
-16.862059 -14.912805
 14.574576 -12.997883
 -0.594110 -21.354084
 11.911973  13.253875
 17.513710  11.770387
-19.704614 -13.708319
 -6.908958   7.907031
 14.927260 -11.718755
 -2.390411   8.673697
 17.783504 -17.213570
-15.586331  10.383396
 19.296249   2.711697
 -2.674197  -5.759612
  8.593396 -20.712775
  1.087570   8.372682
  5.824742 -17.006626
 -1.137974  -9.551425
  2.474563  -3.358574
-18.784425 -10.248095
 19.382200  -6.149840
 -4.262675  18.112656
 17.565822  16.223025
-16.372330 -14.601802
  3.042171   7.112489
 -2.328389  21.449683
 -5.472711 -10.238111
-18.713424  12.527921
-13.585960  -3.747351
  2.577596 -11.566874
-15.232872 -15.845120
  8.703673 -21.116436
-19.008260  12.445362
-16.729088   7.167364
  3.696747 -21.217356
 16.432617 -15.678931
 18.175608  15.577302
 13.012933 -13.449585
 -1.090387  -0.918676
-17.321169  -4.844554
  5.762732   1.788602
 13.127182 -15.287945
-16.115519   0.426293
 15.603212 -18.662658
  0.578214  21.054026
  2.858000 -10.926670
 10.947474  14.678105
 -5.973587 -11.865223
-10.261363 -19.022126
 -2.943171  16.012889
 12.123302 -20.404862
  7.415538  18.609695
 -4.718467   4.598057
 15.851610  10.739887
-16.099502   4.963498
 12.548200  16.793747
  6.308969  11.034583
-14.805283   4.275886
 -9.174484  11.797884
 -2.905566 -20.264515
-18.734372 -17.934797
 16.919300 -15.311644
  6.108485  -5.636687
 -4.610851  -1.533294
 13.254252  18.019185
 -8.488934   1.524569
 -7.469808  -8.288271
 19.375025   0.494206
 -4.920746  16.034071
  8.141113   8.434781
 18.293213   4.544848
  6.955581   3.196286
 -1.325026 -17.669332
 -0.446017  -6.807887
  0.734295   5.675006
-10.731185 -10.013258
 -9.881948  -9.117491
  0.583974  -8.076169
 17.531027  17.591802
  2.851845  -6.544229
 -8.365782  14.071761
  0.763420  -3.821505
-10.199082  -3.289762
  6.873601  11.591167
 16.871777 -15.583205
 11.660070  -8.855339
  8.082866  -5.983764
  1.847920  -7.726644
 12.874924   3.531558
-14.108446   9.702405
 16.249493   5.987320
-12.712299  12.525625
 14.272816 -13.691038
  6.371021  -0.131514
-10.988619  -0.676369
 -9.904011   2.945781
  1.616052 -15.278116
  4.578498 -10.690458
 20.153392  13.526548
 20.903079 -21.458862
-13.438307  18.754070
 18.481207  -1.954344
 21.204882   3.610812
 -9.629640   2.913997
-12.994991 -19.397101
 -3.123045  20.809296
  4.115741  -1.020896
 -4.886581 -16.439986
-13.776276  -5.990331
 13.016151 -19.245507
 14.997948  -9.618220
  2.094798 -10.004503
 12.263212  18.392305
  8.066489 -12.748634
 16.904658   2.875709
-21.174217  -7.015425
  5.372353  -9.626092
 -3.032526 -11.642904
  5.111074   3.050659
-10.077014   2.273002
 14.721177 -15.046435
  2.320283  -7.917791
-12.101516  13.206685
 14.045157 -12.824300
  5.024015  19.633247
-17.661121  10.387704
 20.678652  -9.947700
 -0.593694 -17.466466
 14.920514 -12.053945
 -1.749314 -14.444241
-14.102938 -12.081242
-16.960886 -11.285104
 -8.273049   3.440343
  4.307746  -4.894418
-12.381647 -17.264162
-18.057724   9.176761
 -2.482810  10.331902
 -4.990658   4.970286
 -5.176974   1.782632
 -9.861553  16.494032
 -0.366343  12.510191
  1.034008  -7.686143
 -0.041811   4.995554
 14.611059   4.603130
 -5.488083   8.789316
  4.361193   8.593726
 -5.284904  12.444622
-12.651945  -8.026051
 -4.099581 -10.853323
 -9.042675 -11.625315
  4.338819  -1.308397
-20.551278  18.803471
-11.056051   8.535495
 -2.062981  12.964348
 -4.800821  -6.688045
 -5.142056  -0.390637
  9.684511  17.676923
-17.735289 -10.587208
-11.726345  -5.763107
 21.474680  -0.927472
-14.319000  15.277548
  6.264387   4.281346
 13.398141  14.942990
 20.699777  -5.850497
 11.262682 -17.713188
 17.964716 -17.609323
  8.437513 -19.437189
-18.176168  18.662836
 -2.026044  -8.935799
 15.487211  -9.568219
 17.969596 -11.703370
 -8.138951   0.885944
-11.585565 -17.613894
-19.347270   6.679667
 12.280160  19.605840
 19.073179 -13.999222
  2.070945  19.095096
 17.060631 -11.394206
 13.293881 -13.159368
  9.181256 -18.689093
-17.214755  13.706918
-13.878838 -16.237269
 -1.618396  11.269164
  9.642607 -15.002556
 18.668885 -10.988069
-21.222152  15.353597
 11.506304   0.572223
-20.704984   0.194821
-19.144077 -15.770199
-19.511519 -14.864713
-15.885030  15.624934
 14.440893   3.190947
 -9.535231 -10.981919
-14.033736 -16.853349
-10.877121   6.053880
 10.994988 -18.702402
 -5.295236 -21.575229
 -1.694619  12.909804
  7.669098  -4.535269
  1.791459  -4.151586
  1.082194  19.962932
 19.149927  -6.309987
  4.558341   9.432973
 10.771631  10.870471
  1.013922  -3.988298
  0.136190  -0.011807
 13.169033 -12.662222
  4.311283  -5.723945
 -8.707298   4.509897
 -3.783758  -5.359210
 -5.459468  -8.011648
-13.016037 -20.907005
 -2.784778   5.981199
-15.242249  15.776518
 12.550650  10.766533
  6.439881  -8.554804
-11.037955 -20.892468
-11.790512  -2.634075
 -0.571284  -1.453721
 -1.503157  16.518964
 -1.585470  -3.637439
-19.381842  19.341739
 17.152079  18.262659
 -8.837939 -19.305244
 -1.508137  -4.900744
  6.628263  -2.877883
  4.243815  -6.273747
  0.542657  -0.988930
 18.747814  15.924774
 -0.887392  -6.372759
-13.241694  18.229764
-14.431159  21.258701
-15.295434   9.119737
 -9.952908 -20.533672
-12.152428   0.911133
-20.557159  -4.172599
 12.895683  -1.715430
  5.260579  -9.291146
-19.400414   0.734293
-16.273535  -2.661213
 -0.539273  11.389233
-20.038064  12.066100
  9.878304   2.866345
-18.693107  20.223193
 18.703336  -5.273640
  6.938623  -2.597985
  9.613880 -10.061027
-15.456474  17.927776
-17.574209  -5.015972
 -4.561946 -19.790281
 -8.514275  19.593777
-13.197883   2.993539
 -3.560153  14.079836
-15.048873   2.032818
-10.577612  17.974278
-21.575506 -18.738939
 15.501916 -10.130068
 -0.748890 -18.744952
 -1.369154  20.787722
 18.352301  -0.281568
-18.145316  -1.745009
 17.254309   5.045689
 20.712591  15.145654
 19.684876 -10.450799
  2.530163  16.812157
 13.581234  -7.318086
  7.125473   1.153836
  7.246880  14.487494
  3.878478   7.888382
 13.227363  12.022392
-11.003189  13.605056
 -2.856671  -9.841455
 19.005410  -8.615421
 20.423281  21.224717
-19.384420   3.961131
 13.032308 -10.469854
 13.999781   2.376608
 14.881890 -12.141249
 19.706838  -1.540185
-14.979243 -17.340600
  1.823441  -5.918706
 10.477018  -3.486606
 -7.291593 -18.095218
-14.582355  -0.813297
 18.507306 -18.734950
 -8.037057  16.818041
 -2.781068  13.610628
-14.945215  -1.158877
-20.278274  18.904062
-16.492619 -11.418524
 16.377372  -0.351614
 19.797448   3.819883
 -4.090275  15.096243
 -9.224600   4.776742
-14.476561 -14.722906
 -7.467427  -5.320182
-18.019654 -18.053502
 12.795594 -21.233238
  1.744004  -0.317586
-17.611990  20.306601
 13.309855   6.392294
 21.247370 -21.509830
-13.928843 -15.833521
 20.895886  -5.755666
  8.020586  14.115919
 -6.166778   3.110281
-19.853431  16.972404
 -7.337877 -19.917695
  3.579703  21.089578
  4.940496  13.885767
-13.294880 -14.258834
 -4.714668  21.318385
-16.954338   4.033591
  4.986796   1.126980
 14.333856  -9.311982
-18.794483   4.586446
-10.368768   6.197646
  8.637526 -17.447608
  4.600091   8.166184
-20.216143  15.213158
  7.128370   8.420059
 13.403698  -6.101917
  0.383438  -8.914179
  8.884401  -4.272738
 13.260925 -11.442596
 20.934663  -8.237113
 -7.490463 -11.202569
-15.175256 -14.894536
-18.167625   3.787910
-16.514576 -16.948462
 -2.206648 -15.149081
-18.427299  11.679842
  8.109755   3.424477
  9.445269  -2.793535
-16.302881   6.234236
 19.119401   2.251594
  3.787378  18.897244
-12.537855  -1.156538
-20.138279 -14.837863
-13.327692 -18.746409
-20.244405  15.252520
-10.705739 -13.540500
 -0.102949   6.839832
 -4.428448   9.034923
 -7.621362 -15.858579
 -7.477566  20.161315
 -3.354549  -8.001142
 17.949308   2.875770
  8.633747 -21.278648
 12.234529  19.625310
 -3.637395  -0.566170
 21.097534 -15.199152
 16.598266 -11.230990
  4.489423  19.745105
 17.595658   9.537886
 -3.548008  11.701149
  5.682440   9.130977
 12.969013  -5.485368
-21.481748  -0.743111
 14.010799   0.046522
-12.482132  -7.235226
  6.854356  10.218764
  0.215185   1.333545
 16.830131  21.324862
  4.858436   4.848099
 -2.810693  19.432092
 12.972072  -1.946052
  9.465431   2.035721
  1.675825  11.049419
-19.677010  -7.231446
 -4.003072   5.488246
 12.607414  -1.100841
 16.339725  18.534891
 17.889345   4.698452
-11.623166  -7.984244
  3.926606  -2.191478
 -8.627796   6.568763
-19.927708 -11.686770
 17.469235 -10.621069
-10.136193   1.328090
-19.848493  19.526771
 -2.192403  -4.450456
 -3.023535  19.813138
 13.063299  -9.778981
 13.583146   2.010784
 -3.596181   0.075679
 19.552201  12.728004
  6.048849  -8.371982
  4.330583 -19.388346
 21.119114 -12.380491
  6.967667  -9.177532
-16.594344 -11.455197
 21.136770   2.624604
 -7.405025   1.946733
-12.948894   7.995631
-18.157958   6.343617
 19.292194 -20.706153
-15.989293  10.774523
-10.446053   6.802150
  7.422229  -3.647132
 17.537236 -12.783168
-14.519205 -17.383494
 18.651232  -8.229927
  1.828204   2.103005
-18.636922  20.857548
 16.123154  15.250908
-21.456221 -11.251379
 12.038322  12.719226
 19.196521  20.094207
-16.702383  -2.104203
-16.353833  11.491191
 12.076021  -1.499160
-16.325388   7.257530
 -9.577416 -18.002818
 12.484801  -6.340025
 -4.843555 -13.422233
 19.221439   9.733619
 17.751741   5.198773
 20.279035  11.512106
 21.259713 -14.588980
 -6.821229   0.954146
  8.187687 -13.211837
 21.216105  11.115980
 -6.420272  -6.904190
 -4.783181  11.091873
-17.125802   0.536533
 13.470167 -12.426049
-13.385793   5.939535
 11.813618  10.702124
-18.709896  21.298561
-11.804348   6.783511
 17.836535  -0.242993
 11.700246  -4.869694
  6.157183 -12.998315
-19.787128  -2.034313
-21.439221  -6.245793
 21.067015  18.745346
  6.424567  -3.648945
 14.580826  20.286017
 15.638696 -17.918269
 14.818567   4.088815
  2.653011 -16.567464
-15.734723  -0.244278
 21.433061   9.759039
 -6.881616   5.397691
-20.196860  14.481794
 -7.902710  -8.119087
 13.917510  -8.922903
 15.493979 -19.227758
 -8.631139  20.048170
-15.685078 -10.442243
 -5.202094 -14.988812
 -6.914540  -3.800311
-18.386039   1.337573
-18.355176  -8.277762
 -8.647770 -20.617967
 20.790167  -7.441034
  9.149773  15.962611
 18.636926   4.445557
 15.187819  -5.938611
-17.489206 -10.186566
 -7.180481  16.779242
-13.710861 -12.428188
 12.976053 -11.598363
 -9.654556  14.751383
  2.169002   1.784434
 15.519711  13.460131
  2.114057   3.342033
  8.228832  -8.760683
  2.262243  -8.746010
 17.078075  10.899443
-19.840143  18.093815
 -3.448606   6.821173
 -9.977118 -19.351290
-18.630106  19.396101
  3.814744 -16.985000
 -0.994590  -1.329561
 -5.999262   1.812863
-10.183007   3.924887
  2.643428  12.705428
-18.057216 -14.325992
  6.414585   2.981458
 15.841103   5.652239
-20.872275 -12.164348
  8.992577 -14.283234
 19.754995  15.717253
  0.418368  21.152744
-21.371624   0.992525
 -9.792817  12.729356
 11.934532 -13.497842
  2.054755 -19.035144
-12.484475   7.209315
-13.285219   1.200146
 -6.727628  -4.124710
  3.921270  17.744237
 -9.172969 -10.841875
 15.385247 -16.215172
 -3.446315   6.408185
 -0.100343  20.641645
 -4.080458 -13.341675
-10.673156 -16.062147
-13.635737   6.083448
-16.416983   7.388227
-15.878222 -19.863092
 21.519863  10.578822
  9.990107   7.951745
-15.856039 -12.176539
 19.846072   3.221628
  6.560049   9.384617
 14.254735 -21.005571
-16.979602 -12.686395
-15.362624   9.690374
 12.337811  15.932209
 -7.555178  -3.839321
  6.891274   7.789588
 -2.444611 -12.893086
  5.834228 -12.667041
 -6.342702  15.981886
 15.470507   7.011514
 -0.435744  19.402978
 -2.702125 -10.708793
 -2.881726 -14.748260
 12.156181  14.415410
 10.727610   1.048982
-12.794117 -16.830008
 -9.192531  -9.355125
-13.951005  11.623114
 -1.156293  11.345760
-18.779255  -1.968665
 -8.501946 -11.909560
-12.920083  15.718225
 14.665016  20.023553
 -9.951574  -0.848868
 -2.672815 -15.833373
 12.139538   6.273519
 -4.986073  21.016503
  2.235451   6.129583
-15.349298 -10.036406
 -5.579968 -10.592157
-17.330345  15.638504
  0.711959  -8.198618
 -4.159523 -18.879792
 19.749058 -16.972453
 17.227109 -10.709333
-11.046491  19.771731
 18.635254  15.372727
  3.214671  18.335405
 18.222947   5.508835
 20.625915 -21.454380
 19.812450  -7.457328
  8.192352   2.327287
  2.935486 -21.536906
-13.244293 -16.914259
 -8.366196  11.411808
-10.749555  13.158426
  3.723510   5.566192
  7.336927  19.900252
  2.817317  -6.182460
 -5.187391   5.383551
 16.859105  -7.572310
 15.456806  -6.182756
 11.185626   1.403395
 -0.295896  -2.988438
  2.697204   8.196306
-17.142088  17.103973
-11.607649  15.835027
-12.745756  -3.786053
 21.425302 -18.463509
  7.817504  20.560058
 -2.536653 -15.736842
 10.282657 -12.162076
-17.415813 -10.521078
 18.066389  -3.925231
 21.224833   6.178431
 16.839428  16.982038
-17.561536  18.298101
  4.828638 -17.560361
-10.786320   4.247574
 10.645246  18.933338
-11.179728  -1.036261
 -9.630079 -14.383970
 11.116500   9.878310
 18.413059  -0.451464
 21.265500  12.775203
 16.738629 -17.275959
  0.159860 -11.692977
  3.269151 -21.595986
  8.483576  18.777089
 10.943743   2.431592
-14.502484  10.320510
 20.766452   3.097622
  7.227299 -13.282072
 13.923966 -11.481715
-19.647180 -13.850284
 14.138386 -13.061750
 -8.856001 -18.952913
 -2.183025   5.125516
-20.239593   9.752134
  9.679474  -5.761048
 11.084662  11.279201
 14.461044  -2.945267
  8.118020  14.412370
-14.728225  -5.266679
-14.196593 -20.082405
-14.035864  14.813613
 -3.440593 -17.935460
-14.794517 -18.437197
 -3.669717  -2.824483
  8.626502 -14.420627
  9.231711   9.232804
 16.581397   1.333403
 17.319479   3.960702
 19.953696   3.698804
 -7.341871  -2.028017
 14.203103   4.072446
  6.934318 -12.286616
 -2.200670 -14.163767
 14.545009  -2.372726
 -7.960455   4.591353
 18.412407  12.886651
 14.498944 -13.121151
 -8.832922  11.774509
 -1.517686 -17.667731
  3.516589  12.813198
-16.123150 -19.276177
 10.238555   1.449053
 15.429994   2.594801
 -4.552975   6.465108
  9.177796  13.681628
-19.317671 -13.832960
 16.234520  12.914333
-11.211138 -19.407247
 15.478696   1.886566
-18.395729   1.684925
-17.989867   1.083278
-17.559222 -10.318744
  2.112801  14.174357
-19.698398  -0.410039
 14.597342 -15.564423
 12.529215   8.587102
-17.738650 -15.214080
 -2.490582  -3.364312
  5.782513 -18.137223
 11.238030  -1.689154
  7.833842  21.286882
 -7.012160 -20.169815
-21.101921 -20.419698
  7.122908 -20.554248
 13.374611 -20.288992
 -7.668146  11.126528
 13.304396   3.708311
-18.030271 -13.373769
 19.573430 -17.355142
 12.253666   1.686154
 -5.549494  12.418522
 10.733979   4.530417
  9.470538  21.099006
 -8.085138   7.438114
 12.730589   0.173668
 -9.077970  -8.979641
-14.719344   1.977490
-15.208836   7.263802
  1.728577  -9.193660
  0.959997  11.577043
-15.095063  14.012223
 -9.116185   5.255494
-19.765735  -5.207965
-19.855447  -2.821395
-20.465942   4.285943
-21.479231 -10.312475
-10.989525  -6.680787
 -6.847669  -5.984637
  0.686478   1.297522
 -4.096079   2.721665
-11.413363 -15.151404
 -9.961519 -11.757107
 -7.705134   6.969193
 -5.779700  13.892179
