256
 15.980480  -0.040869
 15.915602   0.545599
 16.048661   1.157792
 15.991930   1.704867
 15.802737   2.248715
 15.654289   2.751116
 15.632436   3.360893
 15.550374   3.884937
 15.361720   4.376927
 15.202840   5.051207
 15.083587   5.435570
 14.739010   6.028604
 14.628047   6.509011
 14.426562   7.100600
 14.141161   7.495014
 13.772772   7.945383
 13.491217   8.516031
 13.304815   8.905577
 12.894069   9.475896
 12.510475   9.936502
 12.215382  10.281124
 11.877586  10.655802
 11.511840  11.217818
 10.984118  11.544201
 10.585501  12.031887
 10.228317  12.216749
  9.736371  12.727622
  9.327572  13.053893
  8.908041  13.410835
  8.420929  13.706509
  7.997085  13.925502
  7.469860  14.173268
  6.990177  14.433768
  6.493031  14.707035
  5.890149  14.826194
  5.319024  15.099614
  4.890486  15.255499
  4.324460  15.366527
  3.671098  15.510134
  3.161809  15.639151
  2.663408  15.705792
  2.046271  15.900376
  1.583357  15.838360
  0.963747  15.978345
  0.404325  15.935823
 -0.156376  16.080352
 -0.684991  16.023706
 -1.190998  16.003244
 -1.845250  15.797178
 -2.407713  15.872983
 -2.861184  15.819771
 -3.498266  15.666007
 -4.018750  15.505333
 -4.624813  15.277669
 -5.117069  15.069801
 -5.666037  15.011353
 -6.174486  14.701613
 -6.676375  14.469014
 -7.151688  14.205849
 -7.694781  14.052682
 -8.256156  13.790406
 -8.712372  13.459293
 -9.196748  13.131280
 -9.620546  12.793127
 -9.954924  12.460078
-10.388730  12.191752
-10.907780  11.667924
-11.360082  11.371124
-11.555824  10.930931
-12.003265  10.601380
-12.365605  10.167184
-12.653424   9.614949
-13.170962   9.152374
-13.465376   8.791248
-13.676912   8.225619
-13.932033   7.849872
-14.303374   7.322803
-14.434814   6.720126
-14.650160   6.377656
-15.003895   5.669596
-15.156230   5.272577
-15.201466   4.682634
-15.405737   4.078903
-15.547223   3.644424
-15.782371   3.124284
-15.730752   2.536901
-15.955193   2.057517
-15.881906   1.371703
-15.992151   0.816163
-15.996344   0.249045
-15.927621  -0.216332
-16.056719  -0.749892
-15.911316  -1.336521
-15.837942  -1.973651
-15.754052  -2.423724
-15.748735  -3.008148
-15.577712  -3.622276
-15.461625  -4.117499
-15.339422  -4.632961
-15.052475  -5.319775
-14.849189  -5.815688
-14.721079  -6.262645
-14.508601  -6.891480
-14.166741  -7.364986
-14.029502  -7.736926
-13.721638  -8.205962
-13.350384  -8.802102
-13.173008  -9.132285
-12.826224  -9.631062
-12.398240 -10.064704
-11.995172 -10.515953
-11.657642 -10.902353
-11.345348 -11.418921
-10.819877 -11.790301
-10.422821 -12.130715
-10.000985 -12.499152
 -9.513691 -12.861599
 -9.066234 -13.201276
 -8.689232 -13.542822
 -8.223059 -13.837945
 -7.666412 -13.987366
 -7.239109 -14.357178
 -6.673013 -14.498572
 -6.060028 -14.763677
 -5.676663 -15.055420
 -5.165413 -15.218499
 -4.633032 -15.430955
 -4.021150 -15.529821
 -3.387211 -15.605832
 -2.892390 -15.803829
 -2.304372 -15.824113
 -1.746782 -15.881186
 -1.268465 -15.962031
 -0.764934 -16.074326
 -0.052192 -16.003838
  0.485594 -16.014314
  0.897043 -15.943933
  1.452795 -15.995675
  2.112587 -15.900819
  2.754162 -15.854426
  3.260354 -15.653945
  3.813750 -15.607851
  4.303625 -15.421505
  4.825868 -15.179206
  5.467583 -15.111006
  5.919420 -14.852429
  6.461607 -14.568786
  6.865620 -14.481988
  7.458091 -14.240901
  7.853563 -13.987958
  8.302373 -13.626401
  8.893288 -13.355005
  9.282575 -12.952218
  9.827128 -12.667148
 10.262203 -12.221923
 10.707889 -11.915282
 11.095037 -11.472438
 11.446675 -11.154897
 11.875901 -10.673011
 12.281832 -10.418045
 12.504772  -9.935709
 12.960972  -9.436101
 13.192590  -9.066141
 13.579984  -8.481057
 13.921481  -8.040403
 14.105360  -7.633997
 14.270850  -7.063967
 14.565923  -6.591900
 14.740316  -5.933132
 15.091574  -5.486592
 15.298360  -4.871057
 15.407745  -4.480284
 15.427480  -3.840685
 15.640559  -3.314595
 15.837422  -2.857435
 15.859613  -2.212171
 15.909714  -1.763516
 15.930181  -1.155667
 16.024171  -0.489964
 -1.463028  -3.959861
  3.472603  -1.245446
 -9.902010  -3.224005
 -2.295884   5.349948
  4.065508  -0.770648
 -5.151699  -0.473796
 -6.933343 -10.578222
 -5.938735   3.601001
 -1.551079   1.832820
 -6.828936  -6.864103
  2.798504   9.316652
  6.316498  -3.085923
 -1.791469  -5.314040
  1.532183  -0.260997
  0.523691   7.775943
 -1.924691  -0.636607
  5.890818   3.907231
 10.847175  -6.606923
  4.369501   3.974241
-10.650878   0.108717
 -9.158275  -0.511053
  1.776335  -3.015544
  0.494102  12.537399
 -5.251263   4.713184
-11.784098  -0.610715
  7.391556  -8.488132
  0.879492  -3.424844
  4.864420  -2.132353
  2.787443  -5.870921
 -1.087458   3.453156
  7.512624  -0.051814
  3.728487   5.037722
 -3.879347   5.698735
 -6.803147  -1.903931
 -2.540354   5.245663
 -0.782202  -2.284552
  0.754566   7.280009
  9.556000   2.688415
 -2.646297  -9.157535
 -7.837054   6.815445
  3.653152  -7.669628
-12.549065   0.368433
 -0.473802  -0.006821
  5.160902  -5.516582
-10.411767   4.099156
 -6.487143   1.799762
 -7.807072   4.955990
  4.738718   6.912965
  5.897327  -1.155587
 -1.526600  -4.055791
  4.963481  -6.674688
  6.919472  -8.434947
 -1.978262   4.443664
  0.543134  -9.183536
 10.883642   2.497421
 -0.594843  -0.642777
 11.786351  -0.190642
 -8.747743   3.852793
 -0.840711  -0.938609
-10.476936   3.870490
  7.297334  -5.065612
  0.168295  -0.564115
 -2.652609   2.657912
 -1.827682  -0.362550
  1.912319  -6.986903
  1.913414   1.035814
 -8.139501  -7.615674
  2.631691  -1.605228
 -1.777599   0.442745
 -0.108783   3.249089
  0.040485  -0.113269
 -5.067691 -10.362713
 -1.888069   0.723903
 -3.770390  -2.312835
 -7.270831   3.744529
  1.804426  -2.644257
 -1.909513   1.690014
