     0        3.000000
  1024     2204.000000
  2048     8396.000000
  3072    15726.000000
  4096    25932.000000
  5120    40627.000000
  6144    58266.000000
  7168    79348.000000
  8192   103860.000000
  9216   131003.000000
 10240   161774.000000
 11264   195632.000000
 12288   233030.000000
 13312   273550.000000
 14336   316809.000000
 15360   362626.000000
 16384   413668.000000
 17408   466470.000000
 18432   522432.000000
 19456   582131.000000
 20480   645641.000000
 21504   711733.000000
 22528   782913.000000
 23552   853584.000000
 24576   930510.000000
 25600  1010391.000000
 26624  1092901.000000
 27648  1178234.000000
 28672  1268199.000000
 29696  1359798.000000
 30720  1456005.000000
 31744  1555181.000000
 32768  1651006.000000
