128
 14.075744   0.066333
 13.926629   0.899130
 13.936281   2.059561
 13.604309   2.940179
 13.359332   3.953250
 13.189982   4.765521
 12.757751   5.764405
 12.278002   6.714864
 11.810512   7.435588
 11.275721   8.354735
 10.593933   9.045218
 10.085498   9.841726
  9.257102  10.495260
  8.430516  11.064409
  7.668387  11.709460
  6.802883  12.149922
  5.892989  12.685370
  5.016722  13.130438
  4.209742  13.288718
  3.131682  13.666903
  2.157331  13.750212
  1.320958  13.959731
  0.241613  14.054743
 -0.679429  13.918462
 -1.805858  13.879501
 -2.716249  13.730391
 -3.617414  13.546917
 -4.510411  13.139869
 -5.547782  12.830125
 -6.349491  12.389995
 -7.345310  11.946009
 -8.124217  11.368452
 -8.943477  10.896996
 -9.645350  10.230345
-10.316453   9.363319
-10.867758   8.768437
-11.460271   7.991187
-12.013225   7.004470
-12.554533   6.144023
-12.977619   5.212172
-13.323643   4.470272
-13.621750   3.481003
-13.791513   2.442709
-13.830111   1.578865
-13.980125   0.537762
-14.060320  -0.534739
-13.827833  -1.463944
-13.774076  -2.408512
-13.663357  -3.407353
-13.298867  -4.302666
-13.026340  -5.208290
-12.635639  -6.264109
-12.063957  -7.036165
-11.607029  -7.981936
-10.889557  -8.751989
-10.307615  -9.429325
 -9.650131 -10.141341
 -8.888882 -10.725401
 -8.167742 -11.369505
 -7.335615 -11.977129
 -6.387488 -12.480264
 -5.565070 -12.811891
 -4.692736 -13.228528
 -3.563539 -13.413025
 -2.786313 -13.794355
 -1.772204 -13.806639
 -0.664756 -13.904526
  0.220984 -14.066270
  1.300604 -13.904815
  2.236820 -13.726303
  3.214876 -13.731543
  4.201235 -13.414671
  5.103612 -12.961568
  5.905648 -12.736064
  6.778268 -12.195234
  7.655240 -11.670832
  8.549837 -11.178750
  9.296329 -10.538948
  9.984175  -9.730683
 10.722924  -9.164415
 11.252577  -8.353412
 11.726593  -7.439004
 12.352413  -6.687986
 12.810941  -5.744108
 13.122353  -4.937909
 13.360538  -3.824508
 13.767964  -2.933863
 13.927598  -1.953669
 13.894745  -1.062056
  2.780082  -2.047158
  5.713909  -6.845178
  2.499109   9.752856
  2.231806   1.682135
  6.522436  -5.813629
 -3.304869  -3.129429
  1.565702  -0.738194
  9.575567  -1.442327
  6.674554  -6.156981
 -0.023407  -0.276619
  3.374465  -1.566824
  5.902171  -6.774600
 -0.957049   9.029816
  6.861616   5.539479
  6.159760  -7.581321
  1.012141  -2.276387
 -1.752144   4.848515
  1.249838   8.819753
  0.092704   0.248300
  2.420103  -2.767671
 -1.970669  10.648339
 -5.803914   4.234736
-10.705605  -2.478997
  7.875804   6.973569
  4.715882   9.792061
 -1.045968  10.729522
 -1.112928   0.485233
 -3.178263   7.515279
 -6.772059  -0.486889
 -3.824237  -1.996858
 -0.730555  -2.757768
  0.016909  -0.008539
 -1.151242  -5.919758
 -3.974509  -7.297721
  3.691329   1.736266
 -3.592179   6.514741
  2.030938  -2.869936
 -2.506582   7.661642
 -2.905851   1.885536
