1024
 20.000000   0.000000
 19.960535   1.255810
 19.842294   2.506665
 19.645745   3.747626
 19.371663   4.973798
 19.021130   6.180340
 18.595530   7.362491
 18.096541   8.515586
 17.526134   9.635073
 16.886559  10.716536
 16.180340  11.755705
 15.410265  12.748480
 14.579373  13.690942
 13.690942  14.579373
 12.748480  15.410265
 11.755705  16.180340
 10.716536  16.886559
  9.635073  17.526134
  8.515586  18.096541
  7.362491  18.595530
  6.180340  19.021130
  4.973798  19.371663
  3.747626  19.645745
  2.506665  19.842294
  1.255810  19.960535
  0.000000  20.000000
 -1.255810  19.960535
 -2.506665  19.842294
 -3.747626  19.645745
 -4.973798  19.371663
 -6.180340  19.021130
 -7.362491  18.595530
 -8.515586  18.096541
 -9.635073  17.526134
-10.716536  16.886559
-11.755705  16.180340
-12.748480  15.410265
-13.690942  14.579373
-14.579373  13.690942
-15.410265  12.748480
-16.180340  11.755705
-16.886559  10.716536
-17.526134   9.635073
-18.096541   8.515586
-18.595530   7.362491
-19.021130   6.180340
-19.371663   4.973798
-19.645745   3.747626
-19.842294   2.506665
-19.960535   1.255810
-20.000000   0.000000
-19.960535  -1.255810
-19.842294  -2.506665
-19.645745  -3.747626
-19.371663  -4.973798
-19.021130  -6.180340
-18.595530  -7.362491
-18.096541  -8.515586
-17.526134  -9.635073
-16.886559 -10.716536
-16.180340 -11.755705
-15.410265 -12.748480
-14.579373 -13.690942
-13.690942 -14.579373
-12.748480 -15.410265
-11.755705 -16.180340
-10.716536 -16.886559
 -9.635073 -17.526134
 -8.515586 -18.096541
 -7.362491 -18.595530
 -6.180340 -19.021130
 -4.973798 -19.371663
 -3.747626 -19.645745
 -2.506665 -19.842294
 -1.255810 -19.960535
 -0.000000 -20.000000
  1.255810 -19.960535
  2.506665 -19.842294
  3.747626 -19.645745
  4.973798 -19.371663
  6.180340 -19.021130
  7.362491 -18.595530
  8.515586 -18.096541
  9.635073 -17.526134
 10.716536 -16.886559
 11.755705 -16.180340
 12.748480 -15.410265
 13.690942 -14.579373
 14.579373 -13.690942
 15.410265 -12.748480
 16.180340 -11.755705
 16.886559 -10.716536
 17.526134  -9.635073
 18.096541  -8.515586
 18.595530  -7.362491
 19.021130  -6.180340
 19.371663  -4.973798
 19.645745  -3.747626
 19.842294  -2.506665
 19.960535  -1.255810
-20.000000   0.000000
  0.000000 -20.000000
-19.200000   0.000000
  0.000000 -19.200000
-18.400000   0.000000
  0.000000 -18.400000
-17.600000   0.000000
  0.000000 -17.600000
-16.800000   0.000000
  0.000000 -16.800000
-16.000000   0.000000
  0.000000 -16.000000
-15.200000   0.000000
  0.000000 -15.200000
-14.400000   0.000000
  0.000000 -14.400000
-13.600000   0.000000
  0.000000 -13.600000
-12.800000   0.000000
  0.000000 -12.800000
-12.000000   0.000000
  0.000000 -12.000000
-11.200000   0.000000
  0.000000 -11.200000
-10.400000   0.000000
  0.000000 -10.400000
 -9.600000   0.000000
  0.000000  -9.600000
 -8.800000   0.000000
  0.000000  -8.800000
 -8.000000   0.000000
  0.000000  -8.000000
 -7.200000   0.000000
  0.000000  -7.200000
 -6.400000   0.000000
  0.000000  -6.400000
 -5.600000   0.000000
  0.000000  -5.600000
 -4.800000   0.000000
  0.000000  -4.800000
 -4.000000   0.000000
  0.000000  -4.000000
 -3.200000   0.000000
  0.000000  -3.200000
 -2.400000   0.000000
  0.000000  -2.400000
 -1.600000   0.000000
  0.000000  -1.600000
 -0.800000   0.000000
  0.000000  -0.800000
  0.000000   0.000000
  0.000000   0.000000
  0.800000   0.000000
  0.000000   0.800000
  1.600000   0.000000
  0.000000   1.600000
  2.400000   0.000000
  0.000000   2.400000
  3.200000   0.000000
  0.000000   3.200000
  4.000000   0.000000
  0.000000   4.000000
  4.800000   0.000000
  0.000000   4.800000
  5.600000   0.000000
  0.000000   5.600000
  6.400000   0.000000
  0.000000   6.400000
  7.200000   0.000000
  0.000000   7.200000
  8.000000   0.000000
  0.000000   8.000000
  8.800000   0.000000
  0.000000   8.800000
  9.600000   0.000000
  0.000000   9.600000
 10.400000   0.000000
  0.000000  10.400000
 11.200000   0.000000
  0.000000  11.200000
 12.000000   0.000000
  0.000000  12.000000
 12.800000   0.000000
  0.000000  12.800000
 13.600000   0.000000
  0.000000  13.600000
 14.400000   0.000000
  0.000000  14.400000
 15.200000   0.000000
  0.000000  15.200000
 16.000000   0.000000
  0.000000  16.000000
 16.800000   0.000000
  0.000000  16.800000
 17.600000   0.000000
  0.000000  17.600000
 18.400000   0.000000
  0.000000  18.400000
 19.200000   0.000000
  0.000000  19.200000
 -9.013980 -13.915850
  8.484295  -0.034417
 -4.068454   2.220218
 -8.576040  -8.629568
 -1.934168  17.869144
 -7.719232  14.993241
 -0.316793 -13.585053
 12.701746  -1.726463
 14.352445  -1.975997
-14.839533   6.549453
 12.438764  -6.494840
 -5.492689 -15.662193
  1.518169  14.087941
 12.649034   7.625128
 15.383680   4.957201
 10.573070   0.315207
-13.630952 -10.764707
-13.000433  10.453430
-17.053775   1.944772
 -4.719198  10.931822
  1.859290   4.030141
-14.896243  -6.865534
 17.985422   7.879308
  0.925044   9.689924
 11.640218 -15.344974
 17.005670   5.124189
 -1.800918   6.483924
 -5.597468  13.606565
 10.089465   5.032581
-11.449327  16.785526
 -2.425742  14.785642
-16.005137 -13.530200
-12.491443 -12.072345
 -6.384213   7.535957
 -5.543169  15.872546
 14.217333  12.453613
 -8.978209   4.862055
  1.830291 -13.493869
 -7.098314   1.205209
  0.092633 -11.929108
 15.897852 -12.449006
  5.714383   7.942780
  3.785001  12.331080
  2.290249  11.708506
-16.978554 -16.363375
  5.092334   2.763764
  5.440679   9.610524
 -3.002876   5.003683
 -0.070630   4.577904
 -7.571820  16.439406
 -0.613987  10.968774
  6.659670  -7.292381
-15.372971 -15.843131
 -2.174202  -0.566959
-10.655172   3.839769
 -6.747030   7.861064
  8.431191  12.987985
 17.113469 -13.292419
 -4.660553   2.219444
 -6.511828  -1.206988
 -8.371020  -9.074920
-14.514781  -7.552368
 -4.170606   4.153588
 -9.062270  13.151070
-12.250812  -6.212310
  2.796733  -6.742263
  9.472370  -0.062440
  0.530094  -0.044650
 -6.892543 -17.165653
 16.028381   0.196001
 16.800719 -10.254801
 -5.295777 -16.180545
 -0.183809  13.764221
  5.553361  -1.058873
  1.320867  12.498205
 -2.486600  13.768406
  8.190290   9.498844
 -4.826255  -3.579062
  2.530139 -10.992409
  1.916025 -15.352857
  0.153199   9.518548
 -7.930056  17.607265
  6.494351 -13.722803
 17.102981  -3.819466
 10.616300  -5.792929
 15.802148   9.178746
-10.833916   0.328411
  0.002805 -16.369079
-13.066691  -6.010535
 -0.945211  -1.548412
  3.825379   0.558206
 -6.193229   4.070452
-12.149926  17.662167
  8.615497  -7.227564
 -5.890556  11.818418
  1.164234   7.514633
 -7.207540  11.366958
 -4.739119   6.257030
 17.276329   3.013277
 10.683173   8.111672
  6.769571 -17.040702
 -0.914752  16.814545
 10.184544   9.941833
  2.794838   7.970404
  3.006838 -11.861566
  4.644909   4.310489
 12.282016 -12.680075
  6.506168 -16.863462
 16.135386 -14.043761
-17.318255  -6.707071
-12.548475   6.858009
 -3.226413   9.899003
 15.138754  13.421438
  8.490142 -15.757874
-13.029031 -10.535699
 -6.298217   5.840165
  0.917177  -6.704906
-11.765433  14.836470
 -5.676227  -5.245668
  9.791632   7.953284
  5.159128   6.959279
  3.962757 -11.078490
 -9.125311   2.091119
 -9.904787  17.024783
 -7.285876  -7.595851
-10.537999   7.379577
 -6.586533  -5.443086
 15.613213  10.634593
 -8.155529 -13.612532
  6.358401  -4.331009
 17.285779  11.461589
 16.365919  10.966170
 -7.543705  -7.645308
  7.709086  -5.530913
 -2.074460  -8.768017
 -0.753147 -10.725552
  1.388805  15.588862
  7.062167 -13.058174
  4.164373   3.125898
 -9.271511   6.114023
  1.117494   4.966005
-16.110320  -3.121151
  7.824890 -14.380383
  9.747578 -17.813468
  1.812692  15.447588
 -3.351332  15.661156
 13.622386  -0.811853
-10.819585  16.700905
 -6.437963   5.252325
 14.685731 -14.779414
  2.668801   1.265482
  8.032236  15.720098
 14.876270 -11.697668
 13.760819 -11.671607
 15.106853  17.898185
 -3.708195  -0.166180
 15.717915  16.636730
 15.337429  13.562754
-17.666382   2.446627
-14.137175  17.387780
 -7.755781  17.607581
  1.558817  -0.219153
 15.788178  12.638151
 -1.151252 -11.058790
-13.944717 -12.150207
 -1.479079  -8.738464
-11.296834   8.518244
 10.467636   2.440124
  9.262179 -11.682183
 12.821274  14.293539
 11.771634   0.550104
-14.877440   6.093211
-11.347877 -12.937972
 -6.350340  -9.070305
 -8.611730  -9.521235
  9.135239  16.345254
 -7.129950   8.023771
-17.588314   5.532601
  6.939669 -15.763524
-13.743905  -6.954972
 -3.405002   0.090737
 14.224261   7.328053
 -6.804794 -13.773033
 14.980694  -7.378646
  4.126516 -10.111370
-13.191524 -12.485320
  8.918454   3.806602
 -3.029558   1.772442
 -1.050189   1.350637
  5.907400 -10.137182
 -9.091245   9.170624
 13.432862 -15.052669
 -1.917073   7.335581
-15.188302   2.310074
-15.776710   1.715373
  0.197534   2.617260
-12.605314  -6.187765
  0.732295 -13.815359
-10.605547   2.993316
-14.726101   0.373513
 11.112915  -1.676437
  0.476922  -1.555255
-15.921476  -1.354381
 11.048953   8.038083
 -3.745846  11.392316
  8.848961   2.819206
-16.369567  -5.596961
-15.704643  17.788452
 15.644981 -15.515311
 15.615920 -16.857545
 -3.280790   9.682994
  9.569797  17.219998
  5.251709  -2.866970
 17.742838  -4.230734
 13.306330  14.643623
 -4.476761   6.578293
  5.824531   1.414810
  5.527228  -5.480284
-11.574949   1.341306
  1.038331   8.202893
 -9.983152 -17.874961
-17.181528  -7.258932
  6.245995   1.600032
  1.149610  11.640976
 -9.089567  -5.538250
 -8.076610  15.746773
  8.100862 -13.937593
 11.141215  -2.907338
  9.577925  13.815238
-17.436751 -10.581062
-14.367718 -16.791254
  3.520256   7.318306
-16.247652   8.659479
 -3.518447  -9.563786
-10.178308  13.094289
-15.968015   0.140251
 -7.586516  11.368305
  8.334629  -6.519467
  3.525036   6.211148
 -6.456056  -7.136480
-12.842624   5.767647
-10.042461  -7.181966
-15.805525  16.146729
 13.669700  14.816796
  4.535753  -2.620779
 -0.157652  17.002448
 15.897111   6.168331
 10.288965  -6.525560
 -3.012313 -12.628166
 -4.447433   9.158980
 -0.953322  12.576274
 -7.173489   7.472765
 11.007942  14.930682
  2.245894  16.840303
  2.062323 -13.172661
 -9.257093 -10.679878
  5.281411  15.200140
 12.496802 -14.671296
  8.085050 -11.142662
 -8.335383   6.252189
  3.705194  13.450337
-11.226121   9.421071
  8.074989   2.118617
 -0.741809  13.301059
 -6.013285  16.452711
-17.447987  15.737751
 16.634792 -13.776617
 17.984592  -0.758848
 -9.266645   3.758455
-10.637527  14.944553
  1.874855   9.918500
 -4.296177   1.211405
 -5.066656  -8.583781
  0.461395  -0.098017
-14.450104  17.327464
 -1.098345  12.230323
 14.915898  -4.654623
 -3.098514   2.250890
-10.034132 -12.746782
 -8.612132  15.651297
  2.849145  -2.967189
-12.513189  -6.124850
 -4.325768  12.001058
 -0.025147   5.565887
  6.654478  -8.736237
 11.577310  16.794298
  5.101000  -0.338559
-11.943589  10.619119
-11.906434   7.931287
 -0.420612  15.008378
  1.516927   5.105141
-15.885646 -16.782345
 12.481106  16.026772
  6.055760   9.516198
 -3.153880  12.331610
 -9.668398   7.458104
-17.670907   0.206385
 -4.564775   4.242068
  6.003170   4.194697
 -0.604650  -0.437242
-17.761955   1.859168
-17.573365   1.059035
 -8.109333  17.189257
-17.382866  11.273660
  6.265186  11.022037
 14.751841 -14.147409
-14.532700 -12.639691
-11.090446   0.952415
 11.347718  -8.376309
 -3.711729  -4.570143
 -3.383013   2.340079
 17.648389  -9.869139
  6.625499  12.523216
  5.534486  12.895890
  9.345091 -14.633982
 -4.346495   1.897252
-15.979862 -17.659794
-11.830191  -0.005098
 -2.379253  10.237547
  2.370839  12.886571
-14.566974   1.013731
-16.468137 -10.388986
 13.252208  13.951955
 -0.881990 -16.323769
-15.323470  15.321053
 14.375219   2.286355
-16.815536  15.435589
 -6.678551  16.612891
  3.133300   9.081161
  7.657610  -3.661343
-15.230250 -12.151791
 -9.343001  12.047420
 -3.990362  14.274928
 -6.057726   9.201934
-12.961779  17.585206
  8.069889   0.028543
 17.075640 -16.066928
 -2.264823  12.192288
 -5.738661   9.684204
 16.374902  -3.718690
  9.847977 -16.933476
 -8.160227  17.733092
 -0.338276  -5.190797
 15.881142  -2.453474
  6.469015   5.784189
-14.915012   4.270172
 10.729986   7.671907
-15.046632 -12.448045
  7.620378   4.820432
  8.627590  -6.599584
-14.164167 -17.812972
 -6.902372  -5.042970
 -8.288408 -13.229748
-11.253896  -1.841628
  1.970640  -3.310410
-17.054571  -5.259086
-14.649687   3.529577
 -6.320508  -4.131435
 -7.493495  -4.039216
-14.950817  14.440898
 14.587473  17.214230
  2.590576 -11.895015
 -4.293647 -13.001758
 -7.159274  -0.247538
-15.722383  -2.351654
 -2.840316  -0.567673
-15.230831  -8.938809
 -9.122758   4.501213
  3.377030 -10.960264
-14.148995  -7.032312
 16.157645  -6.040180
  4.326919  10.946753
 -6.136498  -5.949496
 11.357117  12.942305
 17.072114 -13.099519
 -6.456054  16.102041
-10.769346  -6.689402
 16.724686  16.874108
 -7.507867   7.018480
 -0.323737   2.731654
 -9.272725  -4.462009
 11.393803  -3.854335
-13.900038   2.298618
  3.320173   1.642647
  6.541655   1.803570
 16.308166  -1.381600
  7.501214  -2.215622
 -7.512077   6.942070
 11.482760  10.643646
 -3.270903  -0.025084
  4.800097  -9.287238
  5.711867   7.748510
 10.406763 -15.337255
 17.665222  -0.747551
 -3.571016   0.238055
 15.134119   6.901519
  1.571227  10.465953
 -5.056938  14.238055
  1.328615   4.974493
-14.940650   9.682346
  5.673659  -5.219682
  5.291995 -16.405319
 17.409895   6.388988
 -3.613761   9.096580
 16.765804  -2.503600
-17.620280  -8.685419
  0.384345   0.676720
  2.898659   2.708474
 -1.951972  -3.919170
  9.804320   3.189238
  0.016768  -5.581174
-17.115744 -14.236223
 -3.024885  16.622203
-13.821504  15.864342
-12.899694  -6.771948
 -1.608025 -10.552776
 -0.614664  -0.858149
 -2.226026   7.083478
 -6.519259  -7.190493
 11.166694 -13.856930
 12.570480   5.326917
  6.377016 -12.083253
 17.420417  -9.219134
-11.719684 -12.235114
  2.154562  16.504654
 -9.653200  -3.418292
-11.359736   5.057240
 -2.443160 -16.949078
  4.107850 -10.896320
  3.319314  -4.001912
  7.370482 -10.591759
  9.083718  11.114272
-15.747705 -14.336926
 13.391256 -11.269446
 -6.264543  -1.528185
 -8.555278  13.054916
  0.997741   5.007909
  3.490950   4.007103
  3.132170  -5.474713
 12.438641   4.225056
 11.294577   7.415581
 -7.291986   4.121443
-14.948929 -13.177880
-13.756981  -7.006320
-11.410397   6.963716
  0.389695  -2.943392
-13.036777  -4.186441
-11.312867   4.878059
  6.963585   5.229363
 17.996384   1.976853
 -0.372887 -12.949325
 -6.675119  -1.763965
-16.069995  -5.074590
-17.654996 -13.084750
 11.347774  16.697847
  0.195769  -0.181085
  6.649080  -3.037304
 12.236105  -0.406818
-15.023857 -16.889015
  9.398038  -7.484763
 -8.105295   1.353910
-11.944477  -1.536430
  8.730657   9.573104
  1.790143 -13.924404
-13.888561   9.904069
 11.638181  -4.792976
 11.613993 -16.502021
  7.883289   1.668718
 17.631926 -14.313008
 11.882546   9.048438
 -7.282478  17.975256
 -1.809636  -5.451229
 11.402229  -2.193483
 17.782477   9.922739
 -9.469942  11.185298
  3.165260  -5.377290
  7.587143   4.779743
-12.024662 -12.987541
-10.561692 -10.550062
-15.863118  -5.370643
 -7.880939   1.395668
 -6.348470   7.345935
 -7.584003  -8.375650
 12.888606  17.477579
  6.454775 -14.571894
 16.659792  10.284878
 15.075674  17.729504
 13.213713 -13.432026
 13.178837  -9.011619
  7.610215  11.825345
  9.413049   6.344444
 -0.379486   2.787319
 -8.326183  -3.087897
 -1.728298   4.810599
 13.684503 -14.648588
  0.562085  -7.983875
 15.708100  -4.713438
 16.209147  -6.217586
-17.910969   9.868870
  8.378065   8.313550
 -1.495827   5.909178
 -5.103982 -15.720095
  1.239281 -10.158122
 -2.532848 -10.373347
 -8.332674  11.820370
 -5.840814   2.805611
  2.381116  -0.527835
 -5.625374   6.571869
-16.257267 -14.415309
 10.220031  -1.455057
-13.527462  12.875458
 -2.113706 -17.975666
 16.489144 -10.716545
  6.789308 -13.251129
  5.399899 -12.276811
 15.578120  -8.135300
  5.565167  -8.985986
 -4.613624  14.536810
-12.041097  -3.731704
 -7.001667   7.179889
 -9.570822   5.597468
  7.333129 -17.960893
 -0.834959 -13.222807
 -9.857129   6.479378
-17.665670   7.041496
 11.415925  17.573577
 -2.796698 -13.241695
-15.450181  -4.209483
  8.307482 -14.312622
 -6.719347  13.715604
-13.063345   9.844577
  9.113681 -13.206736
 17.745846 -12.857290
  1.098298 -17.694909
  5.400728  -2.156421
  8.007553   4.610881
-12.550531  -3.178444
  6.716382  12.958651
-14.879231 -14.383256
  9.088043   3.224661
 -4.174851  16.676954
 -6.677868 -12.966113
 -8.029164 -14.967046
  1.922279   3.600283
  3.873352  10.042907
  6.857139  12.524116
  5.702593  -7.140624
  0.638969   0.342812
  8.922371  -7.360486
-16.035511  14.324852
 16.368174  -0.184042
-13.941228  -0.015029
  3.381472   1.018314
 17.197090  17.527771
 15.621278 -13.248616
 12.989304   2.461694
 -4.845151   6.585914
  9.458134  16.360307
  9.733214 -17.399182
-15.568828  -8.561330
-16.566233 -15.823121
 10.414440   0.237982
  4.628545   0.037763
 -3.044448   7.265183
-15.032599   1.316333
  4.177694  -8.011162
 -6.843352   0.406969
-10.684890  11.090163
  1.310046  -3.933666
  4.834593  12.042953
  6.518005 -15.619857
  7.152332   8.278502
 12.472852 -15.915386
-14.896339  -2.358591
 -1.678614   3.917967
 -6.865558   8.700966
  8.663694 -13.700052
  7.484422   7.253986
-12.102025  16.308583
  0.828193  10.187536
  7.947559 -11.989334
-13.430498  10.120463
 -8.324478  13.910931
  9.771490 -16.943175
 11.055882  -8.208699
-15.700608   7.643637
  2.759460 -15.225479
 -1.612880  -5.035540
 -0.014040   2.407901
 -4.763240  -8.815821
-14.295423   2.660843
  8.020021  -9.777441
  0.317696 -16.414635
 13.065426  -9.196148
 -1.016475  -4.212739
-12.596952  15.521763
 12.869467   1.903132
 14.902116   8.663970
 -2.902705  -6.415127
 -3.014762   7.930365
 -8.234714 -15.196065
 -4.578906   0.073474
 14.469876 -11.543603
 10.956169  17.330899
 16.346859 -15.518648
 -1.256610  -7.836953
 12.414474  -6.217167
  1.911290 -17.713110
-10.775838   2.297043
 -7.059265   4.417831
 -1.298639   3.300874
 -0.239016   9.814077
-10.964793  14.415959
  9.377360  -9.175433
-17.770396  -3.238700
 -9.612081  -5.528747
 12.224664  13.579150
 16.235649 -17.947367
  5.662939  12.564216
  8.179741 -14.257835
  1.073322  -9.425967
 -0.286960 -15.843777
 17.890534   7.619489
-14.651041  15.165879
 14.302349   0.711332
  7.230489  -4.590289
 17.083972 -14.943513
-14.559228 -13.193501
 11.518664 -15.306103
  2.441546  -2.340616
 16.711858  -9.476218
 -8.604326  -6.659679
 10.829406   7.226122
  8.472703  -6.549922
 -8.209589 -15.311252
-10.702345  10.077731
  3.049489 -12.405220
-12.082501  -1.222016
 -3.365548   1.293284
 16.726850 -10.525096
 -6.900922  -8.459715
-13.683112 -12.325846
  6.697974  11.749921
  7.087607 -16.548127
 12.093291  -6.199428
-14.716335  -9.064124
 -5.193261   0.484548
  6.378602  -8.633995
 17.664358 -16.881045
 -3.441880  -1.720758
  8.930824  -9.005305
 -1.366443  10.940283
-12.967451 -17.569551
 11.893404  17.372421
-13.294251  11.652243
 -4.599369   4.690712
  5.208661   2.963657
 -8.682457  11.258895
-17.215193 -15.679007
 14.489859  -2.036472
-13.363504  14.582807
 11.856822  -6.064204
-16.462933  -1.404183
-11.952388   2.659831
 11.580674  -3.780047
-16.938637   6.595665
-11.778940 -10.270220
-11.262560  -7.925236
 13.803257 -16.752620
  4.290356  -9.151748
 -7.376214  -3.168281
  1.824792 -15.804754
 -7.928064 -13.059503
-10.819519  13.847491
  0.929306   4.707158
 10.878051  10.614465
 17.618530  10.148968
 -5.071964   1.602641
 -0.551539  14.856373
  0.086157  -4.018274
-11.526629  -6.520408
-10.115273  14.247532
 10.027378 -15.890716
 17.695128   1.059563
  9.606318  17.985807
 17.063275 -14.395164
  5.647119  -8.405028
 11.386266  15.021341
-15.987288  17.870114
-10.101183  12.474183
 10.706065  -5.227033
 12.212001  12.427952
-11.660387   3.330702
 11.023568   7.114556
 14.903280 -16.984563
  7.220189  16.112114
  2.289834   2.271920
-11.223588  17.568224
 13.738549  -0.279838
 -6.874089  -0.344289
-14.750734  -9.625559
-10.122878   0.952147
-17.975394  15.044263
-10.747282 -13.302376
  7.809755  15.076108
 12.394227  -6.350803
-17.211136   3.117930
 15.020069   9.877194
 12.473312  12.984101
 16.580115  -4.550732
 15.909236  -3.758560
-14.362842  -7.136454
-13.087740 -12.329860
 16.152967  10.506331
 16.583836   5.370490
-11.728704  16.874744
  6.968174  15.438428
 10.331705  -9.963460
  3.202206 -11.687341
 -6.954364   6.785944
-13.415459   8.237914
 16.156372  16.153134
 -3.902349  17.794193
 16.746622 -16.834221
  3.685992  15.157376
 16.831141 -10.047771
  2.359809  15.720761
-12.936839   8.832360
 -9.432147  17.365668
-11.956053  13.871529
-14.805864   7.522769
  5.007697  13.919527
 -1.921322  -8.452352
 -9.016529 -15.559388
 -8.760314 -14.110754
-17.953878  -4.106264
  8.373042  16.887666
 13.843872  -0.249048
 -4.366347   1.656863
-14.348572  -0.738387
 13.105826   5.434904
  6.737775 -12.144366
-15.346462  12.447449
 -7.383290  -6.526191
 16.259837 -15.328786
-11.876213  -4.483516
  8.351463   1.693665
 14.332470 -14.648231
  3.385100   4.091210
 -0.621476 -16.884245
 15.927921 -12.060101
 14.031118 -12.344264
-14.354719 -10.600183
-11.160567   7.099081
  7.993372   8.279064
 -8.450468  -7.865169
 -9.448262 -16.213124
  2.583713  12.234762
-12.470762  -5.010159
 -2.606186  -7.396220
  5.832728   3.607759
-10.811707 -17.073515
-11.850041  -7.494787
-15.050301  12.375687
 -6.899278  -3.691175
 -0.392515   5.797442
-14.719072   1.588537
-11.344276  13.877737
 -4.701540  -1.952090
 -8.521345  -1.257914
 -9.855278  -8.331768
-15.780983   9.080465
  6.028865 -14.914537
 -5.623510   1.492164
 16.945399   3.230152
  1.929669  12.268698
 11.462588  -2.929245
  1.278519  13.208184
 -0.906322  13.739539
 -0.854558 -15.157618
 14.499979   7.715005
  0.075653  14.416382
 10.816212   6.391256
  4.329832 -13.669853
  9.258795 -11.776357
 17.437248  16.997936
 11.104586 -13.457304
 -2.758504  17.578078
 -2.325843  17.901692
  4.580144  12.027892
 -8.716091  14.788961
 14.910262 -15.587570
 -4.028430  -3.695220
 -6.259435  -8.056770
 -1.506341  13.444785
 10.315823   4.430085
  0.812232  -2.894622
 -3.080074 -12.664809
  3.165629   9.301586
 15.827399  15.297414
  2.256615 -14.364344
 -7.700657   1.282805
 -5.620710  -3.207959
 -4.210435  -0.518947
  3.922637 -16.651236
 -8.085091 -12.821304
  3.911590   6.971805
-16.603829  14.024672
 -6.066213  -9.447145
  8.846994  15.150059
 14.293129 -17.271616
 11.425893  -7.090022
 -7.907520  -0.301708
  7.062582 -14.464174
 13.280401 -13.162121
 17.071899  -2.048018
 11.729640  -8.300881
 -2.996182   5.239973
-11.234315 -10.389942
 11.662900   8.674013
  9.341759  13.218803
 11.556626   0.549709
-12.276992  -6.799569
  0.244630 -13.116606
