512
 18.000000   0.000000
 17.964481   1.130229
 17.858065   2.255998
 17.681171   3.372864
 17.434497   4.476418
 17.119017   5.562306
 16.735977   6.626242
 16.286887   7.664027
 15.773520   8.671566
 15.197903   9.644882
 14.562306  10.580135
 13.869238  11.473632
 13.121435  12.321848
 12.321848  13.121435
 11.473632  13.869238
 10.580135  14.562306
  9.644882  15.197903
  8.671566  15.773520
  7.664027  16.286887
  6.626242  16.735977
  5.562306  17.119017
  4.476418  17.434497
  3.372864  17.681171
  2.255998  17.858065
  1.130229  17.964481
  0.000000  18.000000
 -1.130229  17.964481
 -2.255998  17.858065
 -3.372864  17.681171
 -4.476418  17.434497
 -5.562306  17.119017
 -6.626242  16.735977
 -7.664027  16.286887
 -8.671566  15.773520
 -9.644882  15.197903
-10.580135  14.562306
-11.473632  13.869238
-12.321848  13.121435
-13.121435  12.321848
-13.869238  11.473632
-14.562306  10.580135
-15.197903   9.644882
-15.773520   8.671566
-16.286887   7.664027
-16.735977   6.626242
-17.119017   5.562306
-17.434497   4.476418
-17.681171   3.372864
-17.858065   2.255998
-17.964481   1.130229
-18.000000   0.000000
-17.964481  -1.130229
-17.858065  -2.255998
-17.681171  -3.372864
-17.434497  -4.476418
-17.119017  -5.562306
-16.735977  -6.626242
-16.286887  -7.664027
-15.773520  -8.671566
-15.197903  -9.644882
-14.562306 -10.580135
-13.869238 -11.473632
-13.121435 -12.321848
-12.321848 -13.121435
-11.473632 -13.869238
-10.580135 -14.562306
 -9.644882 -15.197903
 -8.671566 -15.773520
 -7.664027 -16.286887
 -6.626242 -16.735977
 -5.562306 -17.119017
 -4.476418 -17.434497
 -3.372864 -17.681171
 -2.255998 -17.858065
 -1.130229 -17.964481
 -0.000000 -18.000000
  1.130229 -17.964481
  2.255998 -17.858065
  3.372864 -17.681171
  4.476418 -17.434497
  5.562306 -17.119017
  6.626242 -16.735977
  7.664027 -16.286887
  8.671566 -15.773520
  9.644882 -15.197903
 10.580135 -14.562306
 11.473632 -13.869238
 12.321848 -13.121435
 13.121435 -12.321848
 13.869238 -11.473632
 14.562306 -10.580135
 15.197903  -9.644882
 15.773520  -8.671566
 16.286887  -7.664027
 16.735977  -6.626242
 17.119017  -5.562306
 17.434497  -4.476418
 17.681171  -3.372864
 17.858065  -2.255998
 17.964481  -1.130229
-18.000000   0.000000
  0.000000 -18.000000
-17.280000   0.000000
  0.000000 -17.280000
-16.560000   0.000000
  0.000000 -16.560000
-15.840000   0.000000
  0.000000 -15.840000
-15.120000   0.000000
  0.000000 -15.120000
-14.400000   0.000000
  0.000000 -14.400000
-13.680000   0.000000
  0.000000 -13.680000
-12.960000   0.000000
  0.000000 -12.960000
-12.240000   0.000000
  0.000000 -12.240000
-11.520000   0.000000
  0.000000 -11.520000
-10.800000   0.000000
  0.000000 -10.800000
-10.080000   0.000000
  0.000000 -10.080000
 -9.360000   0.000000
  0.000000  -9.360000
 -8.640000   0.000000
  0.000000  -8.640000
 -7.920000   0.000000
  0.000000  -7.920000
 -7.200000   0.000000
  0.000000  -7.200000
 -6.480000   0.000000
  0.000000  -6.480000
 -5.760000   0.000000
  0.000000  -5.760000
 -5.040000   0.000000
  0.000000  -5.040000
 -4.320000   0.000000
  0.000000  -4.320000
 -3.600000   0.000000
  0.000000  -3.600000
 -2.880000   0.000000
  0.000000  -2.880000
 -2.160000   0.000000
  0.000000  -2.160000
 -1.440000   0.000000
  0.000000  -1.440000
 -0.720000   0.000000
  0.000000  -0.720000
  0.000000   0.000000
  0.000000   0.000000
  0.720000   0.000000
  0.000000   0.720000
  1.440000   0.000000
  0.000000   1.440000
  2.160000   0.000000
  0.000000   2.160000
  2.880000   0.000000
  0.000000   2.880000
  3.600000   0.000000
  0.000000   3.600000
  4.320000   0.000000
  0.000000   4.320000
  5.040000   0.000000
  0.000000   5.040000
  5.760000   0.000000
  0.000000   5.760000
  6.480000   0.000000
  0.000000   6.480000
  7.200000   0.000000
  0.000000   7.200000
  7.920000   0.000000
  0.000000   7.920000
  8.640000   0.000000
  0.000000   8.640000
  9.360000   0.000000
  0.000000   9.360000
 10.080000   0.000000
  0.000000  10.080000
 10.800000   0.000000
  0.000000  10.800000
 11.520000   0.000000
  0.000000  11.520000
 12.240000   0.000000
  0.000000  12.240000
 12.960000   0.000000
  0.000000  12.960000
 13.680000   0.000000
  0.000000  13.680000
 14.400000   0.000000
  0.000000  14.400000
 15.120000   0.000000
  0.000000  15.120000
 15.840000   0.000000
  0.000000  15.840000
 16.560000   0.000000
  0.000000  16.560000
 17.280000   0.000000
  0.000000  17.280000
 -0.544059  -8.514535
  2.330295   2.423907
 15.963222  -6.634524
 15.485401   5.126646
 -7.306836   2.136100
  6.019904   7.927270
-14.610966   3.447570
 -0.106036  13.094631
 -6.927309   9.683068
  3.468906  -4.784801
  4.426419   3.916874
  5.759568   7.158079
  5.157482  10.962123
  4.155239  13.070280
  4.741436  -6.190575
 -1.917329   2.578191
  7.528456 -13.279679
 -6.638421   8.018380
-10.509262 -11.918023
  1.276811  15.276262
  0.999617  13.396978
 10.707313  -7.874169
 10.519950  -0.588130
  9.930227   7.988523
 -5.225626 -12.468501
 14.997743 -11.639473
 15.114607  11.668555
  7.264621  15.550129
 15.139540   9.868640
 -4.348888   9.418096
-15.749036   1.184943
 -1.464933   5.599640
  5.583842   2.739747
 10.446321  14.265457
-12.689586  -8.624170
-15.389201  12.449209
  1.989599  13.454291
 -9.027703 -14.151768
 10.492913  13.264159
 -6.409038  -2.971214
-11.671225  14.458874
 -6.338587  -0.238962
-13.050979  12.547202
-11.804485  -1.501942
  5.523753   7.877740
 14.449560  -2.620293
  7.849516 -11.193458
 -2.757741 -12.991699
 -0.345156  -2.977045
 14.629297 -15.139992
 -4.194829  -1.834388
 14.597988  11.516586
-12.980910   6.016041
  1.440694  15.482098
 -4.578968  -3.300276
-10.050203 -12.242025
 11.276275  -1.467157
  5.273707   4.591225
  3.147529 -15.508018
  9.292145  -8.308368
-12.120066   2.092326
-13.977031   8.591099
 -9.488101  -9.203176
 11.978132  -5.554670
-11.419245  12.977206
-16.108128  11.612358
-11.512109 -11.988255
 -8.078804 -10.546293
  5.218268 -15.364723
-15.718525   9.395503
 -8.491016  -5.709805
-10.554423 -14.502272
  7.831665   0.845171
  7.959555  -0.769631
  9.007752   0.428910
-12.666650   0.124374
 14.431467 -14.794973
  9.176555  11.890181
  0.695019  -1.359422
 15.034448 -14.229257
 -0.680986  -3.187601
  6.029559  -0.315289
 13.274307 -13.818901
-13.582389   3.508837
-14.071896  -7.289482
  4.311686   1.566748
 -5.663992  16.025939
  0.990042  -1.499620
  3.415828 -12.986618
  6.537653  11.430485
  4.889700   8.714392
  7.155213  -9.233253
 -1.569621  -8.796808
 -5.218616  -1.506636
 -2.721935 -13.119219
 -2.372846   5.349495
 -4.072647 -11.254499
 13.704715 -14.024881
 10.749409 -13.179345
-13.071312   7.736990
 10.101325   1.826412
  2.801469   1.995400
 -5.519470 -12.239706
 -4.743422   5.357033
  8.109210  11.926186
  7.162366  15.176115
  3.253287  -4.806664
  2.524560  -9.307263
  5.078256  -8.934466
-12.693724  11.190099
 -4.291022   8.508422
  2.400840   9.953972
 11.183027  15.375310
 10.317030   3.679774
  4.623453 -15.349376
 13.902331  10.674530
 -7.534694 -10.354519
  6.567440  -6.188896
 -5.189681 -16.002172
 11.983552   2.148803
 -3.214587 -11.603261
  4.314773 -15.206710
  7.974021  -9.229695
 -2.597427  -5.154970
 -4.210280   7.179709
  8.969474   2.190031
-13.447392 -14.495474
-11.099919   3.817957
  5.636586  -7.383868
  5.246814  -0.464561
 -1.877768  -7.349394
  8.260158 -12.512313
 -2.270798  -7.022814
  5.782955  -0.433099
  5.415095 -14.728477
 -3.393466   3.218129
-15.950938  -6.434013
 -9.356019 -11.753592
 -7.921168  -5.568836
-15.949551   8.003258
-10.507488  -3.881279
  6.598949   0.008500
 10.800676   9.920886
-13.864754  11.721165
-14.829407 -15.592774
 13.645663  11.732364
  2.454597   2.378150
  6.787766  -2.666716
-12.468383 -15.524247
 -5.677511   9.762838
  3.827259  10.757640
 13.600540 -13.344592
 11.161293  -8.316546
  2.879430   0.776386
 -3.377159  -6.147104
 -5.199770  -5.408577
-10.752500   0.339658
-12.505537   0.322447
 13.151897  -4.880241
  7.367083  10.333935
 10.207199  -8.544889
-11.455207  -9.808394
  3.317727   8.430976
  5.038492 -10.460465
  8.840278  -0.190608
  8.244045   8.420020
 -1.655470  13.742598
  2.089534   4.383666
  4.034506  11.801599
  4.121844 -11.308980
-13.987525  -1.872459
 -6.388618  -7.300573
-14.380023   0.237715
 -6.142786  -1.557991
-14.356762  10.746971
-13.713916  11.801701
 11.511505   3.726272
  0.228997  -1.208142
  1.759850   9.454897
 12.826407  -1.628628
 10.038036   4.919534
 -5.782533  -0.789619
-11.312101 -14.195292
-12.846539  12.931709
 -5.072616   6.943824
  0.147388 -10.609091
 -8.173103  -2.016632
 -1.962734   0.737036
-11.056623  -4.119596
 -7.034248  -2.955872
 -5.236904   3.171502
  9.370953   4.772694
-14.064456 -13.138007
  5.779491  -6.993638
  7.248970   5.072676
 13.165503  12.094261
 -5.399070   2.680760
-11.617720  -4.865806
 15.153367   6.430751
 -3.500561   3.079336
 14.191271  -6.169547
 -3.995590   9.449847
 10.147187   5.511771
 10.658271   7.736299
  6.007428   0.855144
  4.731204  -2.481634
 -4.476770  -4.451836
-10.359481  -9.260158
 14.504452  -0.444822
 -8.860005 -11.742883
-13.699851  11.159480
-12.923039   8.776341
 10.857882  12.431302
-14.976981  -5.288834
  8.628366 -11.954011
 -3.994276 -10.943190
 10.735580   8.783569
 10.013017 -10.836531
 -2.019382  -2.888181
  5.714159  -8.504021
 -1.807962  -6.968335
  8.052583  -1.654734
  1.101961  -6.173240
  9.999413  -1.003894
 10.857674  -4.281953
 14.487018  15.695849
 -1.241569  -7.070596
 -3.827333   0.889697
 15.107088  10.267276
  9.760799 -11.715887
 -8.099896   4.574201
 12.121389   1.767120
-12.876093  11.206910
 11.377780  -6.963958
  8.524985  -7.361562
 13.131921 -11.425904
 -2.025889  14.463790
 -9.005969  -1.583453
 -4.873443 -15.335886
-14.474477   0.065031
 -8.560790  16.022621
 -4.052829 -15.286724
 13.958759  10.989312
  4.858726   9.440733
-11.741773  -6.905108
 10.684275   6.352732
-11.703117   6.659372
 -1.665312 -16.029861
-13.633085  -7.908065
 10.852804   1.581258
  7.362407   0.899797
-12.597546  -6.865509
 -6.442701 -14.652918
 -2.597652   9.522331
 -1.389519 -12.608204
 13.126759   3.134345
-15.667495   0.498174
 -8.361204 -11.548110
 -2.292660   3.719830
 -8.405719  -2.703210
  5.325630 -13.426108
 15.378806 -14.007190
  0.844326   0.237417
 15.821940   1.754523
 -3.549299  -0.967623
  4.395734  15.585677
 -7.981732 -15.673752
  9.348049  -5.028399
  7.547289   4.155526
  8.796645   7.620058
 -5.426397 -14.763524
  1.490845  10.157687
-10.527112   9.044220
 -1.146218   6.330612
  4.268241  10.092525
-14.155543   8.948569
 -1.371182  -6.692461
-14.780677  -9.737177
-14.842247  14.041220
  0.498428  15.847576
  1.394195  -7.992634
  8.206626 -10.008249
 -4.634037   9.099267
 11.851864  -5.445640
-12.167010  -4.276179
 12.619363   7.883170
 12.786255  -3.672710
 15.348644  -0.123015
 -0.080242  13.747659
  0.624538   9.757198
  7.357435 -13.642765
  3.319487  10.443857
  1.473370  -5.792750
-13.605767   5.213783
 -6.269534   3.324941
 -2.393839   6.148380
 -4.809878 -14.827693
 11.989204  -4.777078
 16.140079  -7.304406
 15.552884  14.512102
-13.768666   4.455406
 -4.428719   9.755510
  5.812904  14.670376
-11.573945   3.485362
  9.114508 -15.072514
-14.021639   9.023898
 -4.330957  -3.795517
  2.178726   3.405072
  5.801611  14.541882
 -4.146767   8.523937
  2.395066   0.954500
 -3.303697   4.845768
