30
-0.000000 -30.000000
1.883716 -29.940802
3.759997 -29.763441
26.367747 -26.934686
26.809405 -26.230007
26.888978 -25.823137
29.763441 -3.759997
29.940802 -1.883716
30.000000 0.000000
29.940802 1.883716
29.763441 3.759997
26.844487 26.926939
3.759997 29.763441
1.883716 29.940802
0.000000 30.000000
-1.883716 29.940802
-3.759997 29.763441
-25.940929 26.774047
-26.711883 26.536587
-26.788159 26.441484
-26.990744 25.520536
-29.763441 3.759997
-29.940802 1.883716
-30.000000 0.000000
-29.940802 -1.883716
-29.763441 -3.759997
-26.890768 -26.740176
-26.755833 -26.951971
-3.759997 -29.763441
-1.883716 -29.940802
