31
-0.000000 -22.000000
1.381391 -21.956588
2.757331 -21.826523
18.978603 -19.737396
19.635012 -18.333110
21.826523 -2.757331
21.956588 -1.381391
22.000000 0.000000
21.956588 1.381391
21.826523 2.757331
19.629158 18.840766
19.149732 19.153268
17.121847 19.574797
2.757331 21.826523
1.381391 21.956588
0.000000 22.000000
-1.381391 21.956588
-2.757331 21.826523
-18.120330 19.635120
-19.570108 18.602912
-19.669029 17.984552
-21.826523 2.757331
-21.956588 1.381391
-22.000000 0.000000
-21.956588 -1.381391
-21.826523 -2.757331
-21.610320 -4.122389
-19.792700 -13.989676
-18.737135 -19.703112
-2.757331 -21.826523
-1.381391 -21.956588
