29
-0.000000 -26.000000
1.632554 -25.948695
3.258664 -25.794982
21.876938 -23.368375
22.429033 -23.249636
22.847377 -23.124891
23.271914 -22.024163
25.794982 -3.258664
25.948695 -1.632554
26.000000 0.000000
25.948695 1.632554
25.794982 3.258664
23.304486 22.426846
22.919197 23.234135
3.258664 25.794982
1.632554 25.948695
0.000000 26.000000
-1.632554 25.948695
-3.258664 25.794982
-22.047332 23.378460
-23.172291 23.046996
-25.794982 3.258664
-25.948695 1.632554
-26.000000 0.000000
-25.948695 -1.632554
-25.794982 -3.258664
-23.300272 -23.148092
-3.258664 -25.794982
-1.632554 -25.948695
