52
0.220984 -14.066270
3.214876 -13.731543
4.201235 -13.414671
5.905648 -12.736064
8.549837 -11.178750
9.296329 -10.538948
10.722924 -9.164415
12.352413 -6.687986
12.810941 -5.744108
13.122353 -4.937909
13.767964 -2.933863
13.927598 -1.953669
14.075744 0.066333
13.936281 2.059561
13.189982 4.765521
12.757751 5.764405
12.278002 6.714864
11.275721 8.354735
10.085498 9.841726
9.257102 10.495260
7.668387 11.709460
5.892989 12.685370
5.016722 13.130438
3.131682 13.666903
1.320958 13.959731
0.241613 14.054743
-1.805858 13.879501
-2.716249 13.730391
-3.617414 13.546917
-5.547782 12.830125
-7.345310 11.946009
-8.943477 10.896996
-9.645350 10.230345
-10.867758 8.768437
-11.460271 7.991187
-12.554533 6.144023
-13.323643 4.470272
-13.621750 3.481003
-13.791513 2.442709
-13.980125 0.537762
-14.060320 -0.534739
-13.663357 -3.407353
-13.026340 -5.208290
-12.635639 -6.264109
-11.607029 -7.981936
-10.307615 -9.429325
-9.650131 -10.141341
-8.167742 -11.369505
-7.335615 -11.977129
-6.387488 -12.480264
-4.692736 -13.228528
-2.786313 -13.794355
