32
-0.000000 -24.000000
1.506972 -23.952641
3.007998 -23.810753
21.247370 -21.509830
23.810753 -3.007998
23.952641 -1.506972
24.000000 0.000000
23.952641 1.506972
23.810753 3.007998
21.513414 21.531100
3.007998 23.810753
1.506972 23.952641
0.000000 24.000000
-1.506972 23.952641
-3.007998 23.810753
-4.497152 23.574894
-18.709896 21.298561
-20.072358 20.781621
-20.588760 20.449025
-21.016934 20.146785
-21.505877 18.709702
-23.810753 3.007998
-23.952641 1.506972
-24.000000 0.000000
-23.952641 -1.506972
-23.810753 -3.007998
-21.575506 -18.738939
-21.302641 -20.203665
-21.101921 -20.419698
-19.335661 -21.398440
-3.007998 -23.810753
-1.506972 -23.952641
