30
-0.000000 -28.000000
1.758135 -27.944748
3.509331 -27.779212
25.031670 -25.033856
25.145866 -24.856688
27.779212 -3.509331
27.944748 -1.758135
28.000000 0.000000
27.944748 1.758135
27.779212 3.509331
25.064597 25.075907
24.983632 25.133532
3.509331 27.779212
1.758135 27.944748
0.000000 28.000000
-1.758135 27.944748
-3.509331 27.779212
-23.848250 25.187080
-24.807964 24.621023
-25.127431 24.323919
-27.779212 3.509331
-27.944748 1.758135
-28.000000 0.000000
-27.944748 -1.758135
-27.779212 -3.509331
-25.176678 -23.780787
-24.972029 -24.892330
-24.668914 -25.123976
-3.509331 -27.779212
-1.758135 -27.944748
